0 1
0 0 0 1 0 0 1
0.1 1
6.92034e-07 6.40041e-07 0 1 9.57264e-05 0 1.01169
0.2 1
1.34076e-06 1.30311e-06 0 1 0.000115505 0 1.02344
0.3 1
1.73815e-06 1.86347e-06 0 1 0.000130122 0 1.03525
0.4 1
2.62287e-06 2.0204e-06 0 1 0.000153226 0 1.04711
0.5 1
3.14556e-06 2.6607e-06 0 1 0.000175279 0 1.05903
0.6 1
3.44611e-06 2.94427e-06 0 1 0.000185681 0 1.07101
0.7 1
4.14405e-06 3.39438e-06 0 1 0.000203939 0 1.08305
0.8 1
4.60274e-06 4.27619e-06 0 1 0.000213522 0 1.09515
0.9 1
5.02317e-06 4.90423e-06 0 1 0.000239042 0 1.10732
1 1
5.02585e-06 5.59531e-06 0 1 0.000259589 0 1.11954
1.1 1
5.25009e-06 6.78102e-06 0 1 0.000278954 0 1.13182
1.2 1
5.83307e-06 7.11947e-06 0 1 0.000290789 0 1.14416
1.3 1
6.63836e-06 7.28002e-06 0 1 0.000303934 0 1.15657
1.4 1
7.39993e-06 7.3748e-06 0 1 0.00031721 0 1.16904
1.5 1
7.93346e-06 7.39101e-06 0 1 0.000340032 0 1.18157
1.6 1
8.34535e-06 7.9097e-06 0 1 0.000348807 0 1.19416
1.7 1
9.12052e-06 8.35905e-06 0 1 0.000366273 0 1.20682
1.8 1
9.99247e-06 8.84482e-06 0 1 0.000376159 0 1.21953
1.9 1
1.07123e-05 1.00645e-05 0 1 0.000389899 0 1.23232
2 1
1.09042e-05 1.08642e-05 0 1 0.000402114 0 1.24516
2.1 1
1.09879e-05 1.12274e-05 0 1 0.000420715 0 1.25807
2.2 1
1.16512e-05 1.18626e-05 0 1 0.000440516 0 1.27105
2.3 1
1.17534e-05 1.26619e-05 0 1 0.00045537 0 1.28409
2.4 1
1.19028e-05 1.29517e-05 0 1 0.000468336 0 1.29719
2.5 1
1.22568e-05 1.36025e-05 0 1 0.000480342 0 1.31036
2.6 1
1.27302e-05 1.43056e-05 0 1 0.000488914 0 1.32359
2.7 1
1.29451e-05 1.48383e-05 0 1 0.000502958 0 1.33689
2.8 1
1.34857e-05 1.52456e-05 0 1 0.000516623 0 1.35026
2.9 1
1.41456e-05 1.56499e-05 0 1 0.00052804 0 1.36369
3 1
1.43139e-05 1.56929e-05 0 1 0.00053963 0 1.37719
3.1 1
1.47913e-05 1.61715e-05 0 1 0.000547165 0 1.39076
3.2 1
1.55824e-05 1.64604e-05 0 1 0.000552785 0 1.4044
3.3 1
1.58251e-05 1.68551e-05 0 1 0.000561984 0 1.4181
3.4 1
1.62105e-05 1.7728e-05 0 1 0.000571404 0 1.43187
3.5 1
1.62454e-05 1.83689e-05 0 1 0.000588493 0 1.44572
3.6 1
1.6489e-05 1.86766e-05 0 1 0.000598156 0 1.45963
3.7 1
1.73715e-05 1.92964e-05 0 1 0.000607498 0 1.47361
3.8 1
1.78568e-05 2.01325e-05 0 1 0.000617703 0 1.48766
3.9 1
1.81893e-05 2.11496e-05 0 1 0.000627519 0 1.50178
4 1
1.88246e-05 2.15056e-05 0 1 0.000631886 0 1.51597
4.1 1
1.92284e-05 2.17943e-05 0 1 0.000643779 0 1.53023
4.2 1
1.96418e-05 2.25082e-05 0 1 0.000658977 0 1.54457
4.3 1
2.03327e-05 2.34013e-05 0 1 0.000667005 0 1.55897
4.4 1
2.10092e-05 2.38888e-05 0 1 0.000673393 0 1.57345
4.5 1
2.11104e-05 2.43488e-05 0 1 0.00068012 0 1.588
4.6 1
2.18942e-05 2.48212e-05 0 1 0.000687744 0 1.60262
4.7 1
2.23096e-05 2.52423e-05 0 1 0.000694885 0 1.61732
4.8 1
2.22504e-05 2.55283e-05 0 1 0.000703212 0 1.63209
4.9 1
2.26794e-05 2.64871e-05 0 1 0.000706893 0 1.64693
5 1
2.33678e-05 2.70455e-05 0 1 0.000717008 0 1.66185
5.1 1
2.37111e-05 2.72569e-05 0 1 0.000728337 0 1.67685
5.2 1
2.42269e-05 2.77874e-05 0 1 0.000738566 0 1.69191
5.3 1
2.48174e-05 2.79897e-05 0 1 0.000740726 0 1.70706
5.4 1
2.53574e-05 2.85043e-05 0 1 0.000752581 0 1.72228
5.5 1
2.56829e-05 2.91057e-05 0 1 0.000759107 0 1.73757
5.6 1
2.6585e-05 2.96884e-05 0 1 0.000764615 0 1.75294
5.7 1
2.75539e-05 3.06287e-05 0 1 0.000770178 0 1.76839
5.8 1
2.82301e-05 3.09247e-05 0 1 0.000785186 0 1.78392
5.9 1
2.84584e-05 3.13268e-05 0 1 0.000796544 0 1.79952
6 1
2.91276e-05 3.19155e-05 0 1 0.000804168 0 1.8152
6.1 1
2.94303e-05 3.22539e-05 0 1 0.000812482 0 1.83096
6.2 1
2.94011e-05 3.27635e-05 0 1 0.000825051 0 1.8468
6.3 1
2.98536e-05 3.3412e-05 0 1 0.000839685 0 1.86272
6.4 1
3.05762e-05 3.41041e-05 0 1 0.000848336 0 1.87872
6.5 1
3.11279e-05 3.45343e-05 0 1 0.000859788 0 1.8948
6.6 1
3.17005e-05 3.51344e-05 0 1 0.000869245 0 1.91096
6.7 1
3.22635e-05 3.58492e-05 0 1 0.000882537 0 1.9272
6.8 1
3.2448e-05 3.5966e-05 0 1 0.000893495 0 1.94352
6.9 1
3.31969e-05 3.66266e-05 0 1 0.000908651 0 1.95992
7 1
3.34962e-05 3.70511e-05 0 1 0.000913815 0 1.97641
7.1 1
3.41458e-05 3.72699e-05 0 1 0.00092375 0 1.99297
7.2 1
3.46092e-05 3.80323e-05 0 1 0.0009297 0 2.00962
7.2335 2
0.508389 0.000638721 0 0.999999 0.00120621 0 1
-0.508318 0.00100767 0 -0.999998 0.00193199 0 1
7.3335 2
0.501342 -0.00278477 0 0.999995 0.00328898 0 1
0.420585 0.272903 0 0.843716 0.53679 0 1
7.4335 2
0.525218 0.00339558 0 0.99998 0.00627276 0 1
-0.525125 -0.00575753 0 -0.999938 -0.0111553 0 1
7.5335 2
0.533705 0.00349515 0 0.999979 0.00647841 0 1
-0.533632 -0.00334574 0 -0.99998 -0.00633992 0 1
7.6335 2
0.54221 0.00244986 0 0.999977 0.00676196 0 1
-0.54145 0.0274097 0 -0.998605 0.0527951 0 1
7.7335 2
0.549273 0.0140711 0 0.999949 0.0101454 0 1
-0.518978 -0.180177 0 -0.93951 -0.342521 0 1
7.8335 2
0.559436 0.00634664 0 0.999937 0.011253 0 1
-0.559357 -0.00642905 0 -0.999933 -0.0115839 0 1
7.9335 2
0.568121 0.00644808 0 0.999936 0.0113235 0 1
-0.568048 -0.00596871 0 -0.999945 -0.0105325 0 1
8.0335 2
0.574821 -0.0058707 0 0.999929 0.0119561 0 1
-0.548253 0.172626 0 -0.946949 0.321384 0 1
8.1335 2
0.499995 0.00675069 0 0.999909 0.0134812 0 1
0.499989 0.0071992 0 0.999899 0.014247 0 1
8.2335 2
0.499993 0.0069487 0 0.999904 0.0138807 0 1
0.499986 0.00738866 0 0.999893 0.0146207 0 1
8.3335 2
0.499991 0.0071151 0 0.999899 0.0142242 0 1
0.499984 0.00759174 0 0.999887 0.0150141 0 1
8.4335 2
0.499989 0.00724653 0 0.999895 0.0144927 0 1
0.499982 0.00772787 0 0.999883 0.0152786 0 1
8.5335 2
0.499988 0.00734961 0 0.999892 0.0147093 0 1
0.499981 0.00785959 0 0.999879 0.0155299 0 1
8.6335 2
0.499988 0.00743623 0 0.999889 0.0148873 0 1
0.49998 0.00794561 0 0.999877 0.0156951 0 1
8.7335 2
0.499987 0.00750583 0 0.999887 0.0150349 0 1
0.499979 0.00803239 0 0.999874 0.015858 0 1
8.8335 2
0.499986 0.00758821 0 0.999884 0.0152038 0 1
0.499978 0.00811033 0 0.999872 0.0160083 0 1
8.9335 2
0.499986 0.00766867 0 0.999882 0.0153719 0 1
0.499977 0.00820086 0 0.999869 0.0161804 0 1
9.0335 2
0.499985 0.00773393 0 0.99988 0.0155164 0 1
0.499976 0.00830455 0 0.999866 0.0163711 0 1
9.1335 2
0.499985 0.00779774 0 0.999877 0.0156531 0 1
0.499975 0.00838408 0 0.999864 0.016519 0 1
9.2335 2
0.499984 0.00787282 0 0.999875 0.0158125 0 1
0.499974 0.00847484 0 0.999861 0.0166892 0 1
9.3335 2
0.499984 0.0079416 0 0.999873 0.0159635 0 1
0.499973 0.00857385 0 0.999858 0.0168715 0 1
9.4335 2
0.499983 0.00800987 0 0.99987 0.0161094 0 1
0.499972 0.00865612 0 0.999855 0.0170247 0 1
9.5335 2
0.499982 0.00806993 0 0.999868 0.0162429 0 1
0.499971 0.00874327 0 0.999852 0.0171836 0 1
9.6335 2
0.499982 0.0081431 0 0.999866 0.0163979 0 1
0.49997 0.0088272 0 0.99985 0.0173406 0 1
9.7335 2
0.499981 0.00821795 0 0.999863 0.0165579 0 1
0.499969 0.008918 0 0.999847 0.0175094 0 1
9.8335 2
0.499981 0.00827216 0 0.999861 0.0166827 0 1
0.499968 0.00900548 0 0.999844 0.0176659 0 1
9.9335 2
0.49998 0.00837541 0 0.999857 0.0168938 0 1
0.499967 0.00910601 0 0.99984 0.0178601 0 1
10.0335 2
0.499979 0.00844733 0 0.999855 0.0170407 0 1
0.499966 0.00917081 0 0.999838 0.0179848 0 1
10.1335 2
0.499978 0.00850367 0 0.999853 0.0171633 0 1
0.499965 0.0092401 0 0.999836 0.0181113 0 1
10.2335 2
0.499978 0.00856216 0 0.999851 0.0172826 0 1
0.499965 0.00929025 0 0.999834 0.0182074 0 1
10.3335 2
0.499977 0.00862451 0 0.999848 0.0174145 0 1
0.499964 0.00935769 0 0.999832 0.0183333 0 1
10.4335 2
0.499977 0.00868405 0 0.999846 0.017535 0 1
0.499964 0.00940738 0 0.99983 0.0184294 0 1
10.5335 2
0.499977 0.00873177 0 0.999844 0.0176375 0 1
0.499963 0.00946021 0 0.999828 0.0185262 0 1
10.6335 2
0.499976 0.00877291 0 0.999843 0.0177239 0 1
0.499963 0.00949956 0 0.999827 0.0185986 0 1
10.7335 2
0.499977 0.00879613 0 0.999842 0.0177918 0 1
0.499963 0.0095631 0 0.999825 0.0187027 0 1
10.8335 2
0.499976 0.00884241 0 0.99984 0.0178889 0 1
0.499962 0.00960708 0 0.999824 0.0187849 0 1
10.9335 2
0.499976 0.00887879 0 0.999838 0.0179732 0 1
0.499962 0.00965871 0 0.999822 0.018875 0 1
11.0335 2
0.499976 0.00892318 0 0.999837 0.0180662 0 1
0.499961 0.00970132 0 0.99982 0.0189539 0 1
11.1335 2
0.499975 0.0089729 0 0.999835 0.0181737 0 1
0.499961 0.00975782 0 0.999818 0.0190571 0 1
11.2335 2
0.499975 0.00900067 0 0.999834 0.0182449 0 1
0.49996 0.00981012 0 0.999817 0.0191437 0 1
11.3335 2
0.499975 0.0090458 0 0.999832 0.0183438 0 1
0.49996 0.0098632 0 0.999815 0.0192392 0 1
11.4335 2
0.499975 0.00909325 0 0.99983 0.0184454 0 1
0.499959 0.00991451 0 0.999813 0.0193329 0 1
11.5335 2
0.499974 0.00913548 0 0.999828 0.0185424 0 1
0.499958 0.00997315 0 0.999811 0.0194354 0 1
11.6335 2
0.499974 0.00916264 0 0.999827 0.0186192 0 1
0.499958 0.0100375 0 0.999809 0.0195391 0 1
11.7335 2
0.499974 0.00919773 0 0.999825 0.0186995 0 1
0.499957 0.0100829 0 0.999808 0.0196174 0 1
11.8335 2
0.499975 0.00922686 0 0.999824 0.0187699 0 1
0.499957 0.0101261 0 0.999806 0.0196895 0 1
11.9335 2
0.499974 0.00926844 0 0.999822 0.0188656 0 1
0.499957 0.0101823 0 0.999804 0.0197872 0 1
12.0335 2
0.499974 0.00930317 0 0.999821 0.0189404 0 1
0.499956 0.0102163 0 0.999803 0.0198483 0 1
12.1335 2
0.499974 0.00932326 0 0.99982 0.0189926 0 1
0.499956 0.0102488 0 0.999802 0.0198997 0 1
12.2335 2
0.499974 0.00934349 0 0.999818 0.0190522 0 1
0.499956 0.0102953 0 0.999801 0.0199717 0 1
12.3335 2
0.499975 0.00936068 0 0.999817 0.0191103 0 1
0.499955 0.0103466 0 0.999799 0.020049 0 1
12.4335 2
0.499974 0.00940477 0 0.999816 0.0191948 0 1
0.499955 0.0103724 0 0.999798 0.0201023 0 1
12.5335 2
0.499974 0.00943486 0 0.999814 0.0192647 0 1
0.499955 0.0104092 0 0.999797 0.0201649 0 1
12.6335 2
0.499974 0.00947628 0 0.999813 0.0193483 0 1
0.499955 0.0104414 0 0.999795 0.0202263 0 1
12.7335 2
0.499975 0.00948071 0 0.999812 0.0193918 0 1
0.499954 0.0104978 0 0.999794 0.0203027 0 1
12.8335 2
0.499974 0.00952224 0 0.99981 0.0194792 0 1
0.499954 0.0105358 0 0.999792 0.0203724 0 1
12.9335 2
0.499974 0.00955276 0 0.999809 0.0195517 0 1
0.499954 0.0105754 0 0.999791 0.0204381 0 1
13.0335 2
0.499974 0.00959982 0 0.999807 0.0196417 0 1
0.499953 0.0106035 0 0.99979 0.0204969 0 1
13.1335 2
0.499973 0.00963477 0 0.999806 0.0197124 0 1
0.499953 0.010629 0 0.999789 0.0205445 0 1
13.2335 2
0.499973 0.00966233 0 0.999804 0.0197792 0 1
0.499953 0.010665 0 0.999788 0.0206029 0 1
13.3335 2
0.499973 0.00967722 0 0.999803 0.0198403 0 1
0.499952 0.0107206 0 0.999786 0.0206807 0 1
13.4335 2
0.499973 0.00971697 0 0.999802 0.019923 0 1
0.499952 0.0107525 0 0.999785 0.0207396 0 1
13.5335 2
0.499974 0.00972786 0 0.9998 0.0199798 0 1
0.499952 0.0108069 0 0.999783 0.0208114 0 1
13.6335 2
0.499974 0.0097452 0 0.999799 0.0200365 0 1
0.499951 0.0108438 0 0.999782 0.0208614 0 1
13.7335 2
0.499974 0.00976582 0 0.999798 0.0201009 0 1
0.499951 0.0108829 0 0.999781 0.0209138 0 1
13.8335 2
0.499974 0.00977333 0 0.999797 0.0201708 0 1
0.49995 0.0109478 0 0.99978 0.0209864 0 1
13.9335 2
0.499975 0.0097631 0 0.999795 0.0202339 0 1
0.499949 0.0110398 0 0.999778 0.0210851 0 1
13.9629 2
0.521213 -0.985169 0 0.999748 0.0224619 0 1.0117
0.478712 1.00597 0 0.99974 0.0227833 0 1.0117
14.0629 2
0.521284 -0.98827 0 0.999745 0.0225699 0 1.02345
0.478643 1.00908 0 0.999738 0.0228885 0 1.02345
14.1629 2
0.521298 -0.988876 0 0.999744 0.0226084 0 1.03526
0.47863 1.00968 0 0.999737 0.0229339 0 1.03526
14.2629 2
0.521304 -0.98909 0 0.999744 0.0226381 0 1.04712
0.478625 1.0099 0 0.999736 0.022975 0 1.04712
14.3629 2
0.521306 -0.989188 0 0.999743 0.0226694 0 1.05905
0.478624 1.01 0 0.999735 0.0230041 0 1.05905
14.4629 2
0.521308 -0.989242 0 0.999743 0.0226833 0 1.07103
0.478623 1.01005 0 0.999735 0.0230278 0 1.07103
14.5629 2
0.52131 -0.989274 0 0.999742 0.0226977 0 1.08308
0.478623 1.01008 0 0.999734 0.0230452 0 1.08308
14.6629 2
0.521311 -0.989294 0 0.999742 0.0227079 0 1.09518
0.478623 1.01011 0 0.999734 0.0230655 0 1.09518
14.7629 2
0.521311 -0.989309 0 0.999742 0.0227256 0 1.10734
0.478623 1.01012 0 0.999734 0.0230792 0 1.10734
14.8629 2
0.521312 -0.989319 0 0.999741 0.0227437 0 1.11956
0.478624 1.01013 0 0.999733 0.0231013 0 1.11956
14.9629 2
0.521313 -0.989326 0 0.999741 0.0227505 0 1.13185
0.478624 1.01014 0 0.999733 0.0231205 0 1.13185
15.0629 2
0.521313 -0.989332 0 0.999741 0.0227597 0 1.14419
0.478624 1.01015 0 0.999732 0.0231355 0 1.14419
15.1629 2
0.521314 -0.989336 0 0.999741 0.0227681 0 1.1566
0.478624 1.01015 0 0.999732 0.0231536 0 1.1566
15.2629 2
0.521315 -0.989339 0 0.99974 0.0227861 0 1.16907
0.478625 1.01016 0 0.999732 0.0231698 0 1.16907
15.3629 2
0.521315 -0.989341 0 0.99974 0.0228022 0 1.1816
0.478625 1.01016 0 0.999731 0.0231811 0 1.1816
15.4629 2
0.521316 -0.989343 0 0.99974 0.0228193 0 1.19419
0.478626 1.01016 0 0.999731 0.0231961 0 1.19419
15.5629 2
0.521316 -0.989345 0 0.999739 0.022834 0 1.20685
0.478626 1.01017 0 0.999731 0.023209 0 1.20685
15.6629 2
0.521317 -0.989346 0 0.999739 0.0228474 0 1.21957
0.478627 1.01017 0 0.99973 0.0232187 0 1.21957
15.7629 2
0.521317 -0.989347 0 0.999739 0.0228537 0 1.23235
0.478627 1.01017 0 0.99973 0.02324 0 1.23235
15.8629 2
0.521318 -0.989348 0 0.999738 0.0228761 0 1.2452
0.478627 1.01017 0 0.999729 0.0232615 0 1.2452
15.9629 2
0.521318 -0.989349 0 0.999738 0.0228811 0 1.25811
0.478628 1.01017 0 0.999729 0.0232771 0 1.25811
16.0629 2
0.521319 -0.989349 0 0.999738 0.0228997 0 1.27109
0.478629 1.01018 0 0.999729 0.0232819 0 1.27109
16.1629 2
0.521319 -0.98935 0 0.999738 0.022911 0 1.28413
0.47863 1.01018 0 0.999728 0.0233026 0 1.28413
16.2629 2
0.52132 -0.98935 0 0.999737 0.0229217 0 1.29723
0.47863 1.01018 0 0.999728 0.0233107 0 1.29723
16.3629 2
0.521321 -0.98935 0 0.999737 0.0229333 0 1.3104
0.47863 1.01018 0 0.999728 0.0233243 0 1.3104
16.4629 2
0.521321 -0.98935 0 0.999737 0.0229473 0 1.32364
0.478631 1.01018 0 0.999728 0.0233405 0 1.32364
16.5629 2
0.521322 -0.98935 0 0.999736 0.022963 0 1.33694
0.478632 1.01018 0 0.999727 0.0233559 0 1.33694
16.6629 2
0.521322 -0.98935 0 0.999736 0.0229731 0 1.35031
0.478632 1.01018 0 0.999727 0.0233686 0 1.35031
16.7629 2
0.521323 -0.98935 0 0.999736 0.0229839 0 1.36375
0.478633 1.01018 0 0.999727 0.023378 0 1.36375
16.8629 2
0.521323 -0.98935 0 0.999736 0.022994 0 1.37725
0.478633 1.01018 0 0.999726 0.0233882 0 1.37725
16.9629 2
0.521323 -0.98935 0 0.999735 0.0230057 0 1.39082
0.478633 1.01018 0 0.999726 0.0233974 0 1.39082
17.0629 2
0.521323 -0.98935 0 0.999735 0.0230199 0 1.40445
0.478634 1.01019 0 0.999726 0.0234125 0 1.40445
17.1629 2
0.521324 -0.98935 0 0.999735 0.0230342 0 1.41816
0.478634 1.01019 0 0.999726 0.0234165 0 1.41816
17.2629 2
0.521325 -0.98935 0 0.999735 0.0230406 0 1.43193
0.478635 1.01019 0 0.999726 0.0234278 0 1.43193
17.3629 2
0.521325 -0.989349 0 0.999734 0.02305 0 1.44577
0.478636 1.01019 0 0.999725 0.0234431 0 1.44577
17.4629 2
0.521325 -0.989349 0 0.999734 0.0230608 0 1.45968
0.478636 1.01019 0 0.999725 0.0234521 0 1.45968
17.5629 2
0.521326 -0.989349 0 0.999734 0.0230727 0 1.47367
0.478637 1.01019 0 0.999725 0.0234672 0 1.47367
17.6629 2
0.521326 -0.989349 0 0.999734 0.0230783 0 1.48772
0.478637 1.01019 0 0.999724 0.023484 0 1.48772
17.7629 2
0.521327 -0.989348 0 0.999734 0.0230808 0 1.50184
0.478638 1.01019 0 0.999724 0.0234905 0 1.50184
17.8629 2
0.521327 -0.989347 0 0.999733 0.0230936 0 1.51603
0.478639 1.01019 0 0.999724 0.0235044 0 1.51603
17.9629 2
0.521328 -0.989347 0 0.999733 0.0230982 0 1.53029
0.47864 1.01019 0 0.999724 0.023513 0 1.53029
18.0629 2
0.521329 -0.989347 0 0.999733 0.0231028 0 1.54463
0.478641 1.01019 0 0.999723 0.0235222 0 1.54463
18.1629 2
0.521329 -0.989346 0 0.999733 0.0231153 0 1.55903
0.478641 1.01019 0 0.999723 0.0235323 0 1.55903
18.2629 2
0.521329 -0.989346 0 0.999733 0.0231242 0 1.57351
0.478642 1.01019 0 0.999723 0.0235475 0 1.57351
18.3629 2
0.52133 -0.989345 0 0.999732 0.0231332 0 1.58806
0.478642 1.01019 0 0.999722 0.0235596 0 1.58806
18.4629 2
0.521331 -0.989345 0 0.999732 0.0231474 0 1.60269
0.478643 1.01019 0 0.999722 0.0235703 0 1.60269
18.5629 2
0.521332 -0.989345 0 0.999732 0.0231595 0 1.61738
0.478643 1.0102 0 0.999722 0.0235772 0 1.61738
18.6629 2
0.521333 -0.989344 0 0.999732 0.0231676 0 1.63215
0.478644 1.0102 0 0.999722 0.0235876 0 1.63215
18.7629 2
0.521333 -0.989344 0 0.999731 0.0231772 0 1.647
0.478644 1.0102 0 0.999721 0.0236024 0 1.647
18.8629 2
0.521333 -0.989343 0 0.999731 0.0231872 0 1.66192
0.478645 1.0102 0 0.999721 0.0236117 0 1.66192
18.9629 2
0.521334 -0.989343 0 0.999731 0.0231961 0 1.67691
0.478646 1.0102 0 0.999721 0.0236168 0 1.67691
19.0629 2
0.521335 -0.989343 0 0.999731 0.0232084 0 1.69198
0.478646 1.0102 0 0.999721 0.0236238 0 1.69198
19.1629 2
0.521336 -0.989343 0 0.999731 0.0232113 0 1.70712
0.478646 1.0102 0 0.999721 0.0236252 0 1.70712
19.2629 2
0.521337 -0.989342 0 0.99973 0.0232175 0 1.72234
0.478647 1.0102 0 0.999721 0.0236356 0 1.72234
19.3629 2
0.521337 -0.989342 0 0.99973 0.0232317 0 1.73764
0.478648 1.0102 0 0.99972 0.0236486 0 1.73764
19.4629 2
0.521337 -0.989342 0 0.99973 0.0232449 0 1.75301
0.478648 1.0102 0 0.99972 0.0236589 0 1.75301
19.5629 2
0.521338 -0.989342 0 0.999729 0.0232594 0 1.76846
0.478648 1.0102 0 0.99972 0.0236677 0 1.76846
19.6629 2
0.521339 -0.989341 0 0.999729 0.0232674 0 1.78399
0.478648 1.0102 0 0.99972 0.0236756 0 1.78399
19.7629 2
0.521339 -0.989341 0 0.999729 0.0232817 0 1.79959
0.478649 1.0102 0 0.999719 0.02369 0 1.79959
19.8629 2
0.521339 -0.989341 0 0.999729 0.0232902 0 1.81527
0.478649 1.0102 0 0.999719 0.0237018 0 1.81527
19.9629 2
0.52134 -0.989341 0 0.999728 0.023304 0 1.83104
0.478649 1.0102 0 0.999719 0.0237069 0 1.83104
20.0629 2
0.521341 -0.98934 0 0.999728 0.0233177 0 1.84688
0.478649 1.0102 0 0.999719 0.0237168 0 1.84688
20.1629 2
0.521341 -0.98934 0 0.999728 0.0233303 0 1.8628
0.47865 1.01021 0 0.999719 0.0237244 0 1.8628
20.2629 2
0.521342 -0.989339 0 0.999728 0.0233424 0 1.87879
0.47865 1.01021 0 0.999718 0.0237329 0 1.87879
20.3629 2
0.521342 -0.989338 0 0.999727 0.0233587 0 1.89487
0.478651 1.01021 0 0.999718 0.023742 0 1.89487
20.4629 2
0.521343 -0.989338 0 0.999727 0.0233699 0 1.91103
0.478652 1.01021 0 0.999718 0.023743 0 1.91103
20.5629 2
0.521344 -0.989338 0 0.999727 0.0233775 0 1.92727
0.478652 1.01021 0 0.999718 0.0237617 0 1.92727
20.6629 2
0.521344 -0.989337 0 0.999726 0.0233887 0 1.94359
0.478653 1.01021 0 0.999717 0.0237711 0 1.94359
20.7629 2
0.521344 -0.989337 0 0.999726 0.0234035 0 1.96
0.478654 1.01021 0 0.999717 0.0237774 0 1.96
20.8629 2
0.521344 -0.989336 0 0.999726 0.0234163 0 1.97648
0.478655 1.01021 0 0.999717 0.0237877 0 1.97648
20.9629 2
0.521344 -0.989336 0 0.999725 0.0234332 0 1.99305
0.478655 1.01021 0 0.999717 0.0237983 0 1.99305
21.0629 2
0.521345 -0.989335 0 0.999725 0.0234448 0 2.0097
0.478655 1.01021 0 0.999717 0.023808 0 2.0097
21.0964 4
1.02954 -0.977376 0 0.999702 0.0244096 0 1
0.0134198 -0.968785 0 -0.999146 0.0413086 0 1
0.986854 1.02274 0 0.999692 0.024829 0 1
-0.0292961 1.03031 0 -0.999211 0.0397231 0 1
21.1964 4
0.894541 -1.40918 0 0.999589 0.028665 0 1
-0.104623 -1.60867 0 -0.933959 -0.357381 0 1
1.1376 1.46496 0 0.999575 0.0291597 0 1
0.128277 1.29436 0 -0.953629 -0.300985 0 1
21.2964 4
0.903512 -1.41107 0 0.999555 0.02983 0 1
-0.146404 -1.44251 0 -0.999549 -0.0300358 0 1
1.1464 1.46358 0 0.999538 0.0303958 0 1
0.0965026 1.43159 0 -0.999534 -0.0305278 0 1
21.3964 4
0.911994 -1.4108 0 0.999553 0.0299065 0 1
-0.154904 -1.44217 0 -0.999583 -0.0288734 0 1
1.15488 1.46385 0 0.999536 0.0304588 0 1
0.0879971 1.43212 0 -0.99958 -0.0289916 0 1
21.4964 4
0.916039 -1.42359 0 0.99952 0.0309949 0 1
-0.0530747 -1.10643 0 -0.787804 0.615926 0 1
1.15486 1.44709 0 0.999503 0.0315364 0 1
0.290196 1.86571 0 -0.595192 0.803584 0 1
21.5964 4
0.876624 -1.4457 0 0.999399 0.0346623 0 1
0.876606 -1.44518 0 0.999366 0.0355977 0 1
1.17352 1.50382 0 0.999377 0.0352963 0 1
0.0730869 1.45424 0 -0.998502 -0.0547162 0 1
21.6964 4
0.876613 -1.44538 0 0.999377 0.0353048 0 1
0.876594 -1.44486 0 0.999343 0.0362336 0 1
1.18216 1.50395 0 0.999355 0.0359074 0 1
0.063995 1.46424 0 -0.999384 -0.035084 0 1
21.7964 4
0.876599 -1.44496 0 0.999346 0.0361527 0 1
0.876578 -1.44441 0 0.999311 0.0371245 0 1
1.18744 1.4887 0 0.999323 0.0367853 0 1
0.108317 1.71527 0 -0.900141 0.4356 0 1
21.8964 4
0.877045 -1.45643 0 0.999202 0.0399416 0 1
0.87703 -1.45605 0 0.999176 0.0405906 0 1
1.19883 1.52257 0 0.999175 0.040613 0 1
0.0479098 1.44737 0 -0.995964 -0.0897564 0 1
21.9964 4
0.877034 -1.45616 0 0.99918 0.0404892 0 1
0.877019 -1.45578 0 0.999154 0.0411329 0 1
1.20773 1.52137 0 0.999152 0.0411821 0 1
0.0374039 1.47318 0 -0.999155 -0.0411115 0 1
22.0964 4
0.877026 -1.45594 0 0.999162 0.040921 0 1
0.87701 -1.45555 0 0.999135 0.0415754 0 1
1.21658 1.51868 0 0.999131 0.0416691 0 1
0.0283299 1.51129 0 -0.999573 0.0292329 0 1
22.1964 4
0.877458 -1.46584 0 0.999043 0.0437281 0 1
0.877435 -1.46533 0 0.999006 0.0445648 0 1
1.21912 1.55701 0 0.999006 0.0445753 0 1
0.0810168 1.25153 0 -0.887055 -0.461665 0 1
22.2964 4
0.877434 -1.46529 0 0.998994 0.0448425 0 1
0.877409 -1.46474 0 0.998954 0.0457323 0 1
1.23384 1.5366 0 0.998953 0.0457388 0 1
0.0103394 1.48007 0 -0.998915 -0.0465666 0 1
22.3964 4
0.87743 -1.4652 0 0.998986 0.0450231 0 1
0.877403 -1.46461 0 0.998942 0.0459851 0 1
1.24287 1.53698 0 0.998943 0.0459713 0 1
0.00124316 1.48116 0 -0.999038 -0.0438577 0 1
22.4964 4
0.877408 -1.4647 0 0.998941 0.0460027 0 1
0.877389 -1.4643 0 0.998912 0.0466353 0 1
1.24202 1.50038 0 0.998899 0.046919 0 1
0.0780222 1.80586 0 -0.847127 0.53139 0 1
22.5964 4
0.87784 -1.47369 0 0.99879 0.0491799 0 1
0.877826 -1.4734 0 0.998767 0.0496416 0 1
1.26011 1.55565 0 0.998749 0.0499961 0 1
-0.0142881 1.45022 0 -0.993387 -0.114816 0 1
22.6964 4
0.877828 -1.47344 0 0.998765 0.0496796 0 1
0.877814 -1.47316 0 0.998743 0.0501252 0 1
1.2697 1.55191 0 0.998725 0.0504759 0 1
-0.0265558 1.48633 0 -0.99872 -0.0505717 0 1
22.7964 4
0.877824 -1.47334 0 0.998754 0.0498944 0 1
0.877809 -1.47305 0 0.998732 0.0503348 0 1
1.27903 1.55195 0 0.998716 0.05066 0 1
-0.0360415 1.48974 0 -0.999039 -0.0438414 0 1
22.8964 4
0.877794 -1.47274 0 0.998694 0.0510852 0 1
0.877779 -1.47245 0 0.998671 0.0515326 0 1
1.22316 1.46763 0 0.998657 0.0518022 0 1
0.408731 2.08417 0 -0.221166 0.975236 0 1
22.9964 4
0.878276 -1.4819 0 0.998547 0.0538809 0 1
0.878255 -1.48152 0 0.998517 0.054442 0 1
1.29691 1.5699 0 0.998509 0.0545923 0 1
-0.053524 1.47115 0 -0.995829 -0.0912385 0 1
23.0964 4
0.878266 -1.48172 0 0.998528 0.0542451 0 1
0.878247 -1.48136 0 0.998499 0.0547637 0 1
1.30666 1.56744 0 0.998488 0.05497 0 1
-0.0646183 1.4919 0 -0.998484 -0.0550397 0 1
23.1964 4
0.878263 -1.48165 0 0.99852 0.0543836 0 1
0.878243 -1.48128 0 0.998491 0.054913 0 1
1.31629 1.56778 0 0.99848 0.0551173 0 1
-0.0743245 1.49304 0 -0.998636 -0.0522203 0 1
23.2964 4
0.878248 -1.48137 0 0.998488 0.0549629 0 1
0.878227 -1.48098 0 0.998458 0.0555088 0 1
1.32029 1.52911 0 0.998448 0.0556892 0 1
-0.0507277 1.72392 0 -0.943417 0.331609 0 1
23.3964 4
0.878801 -1.49102 0 0.998318 0.0579778 0 1
0.878777 -1.4906 0 0.998284 0.0585583 0 1
1.33218 1.60179 0 0.998277 0.0586847 0 1
-0.0783707 1.39218 0 -0.972206 -0.234129 0 1
23.4964 4
0.87878 -1.49065 0 0.998274 0.0587252 0 1
0.878754 -1.4902 0 0.998237 0.0593469 0 1
1.34484 1.58409 0 0.998233 0.0594196 0 1
-0.104033 1.49707 0 -0.998169 -0.0604835 0 1
23.5964 4
0.878777 -1.49058 0 0.998265 0.0588803 0 1
0.87875 -1.49012 0 0.998228 0.059503 0 1
1.35482 1.58462 0 0.998224 0.0595713 0 1
-0.114061 1.49728 0 -0.99825 -0.0591397 0 1
23.6964 4
0.878772 -1.49048 0 0.998253 0.0590777 0 1
0.878744 -1.49002 0 0.998217 0.0596956 0 1
1.36508 1.58078 0 0.998212 0.0597756 0 1
-0.125081 1.51983 0 -0.999759 -0.0219463 0 1
23.7964 4
0.878718 -1.48958 0 0.998145 0.0608814 0 1
0.87869 -1.48913 0 0.998108 0.0614783 0 1
1.13262 1.6366 0 0.9981 0.0616119 0 1
1.05479 1.25302 0 0.895158 -0.445748 0 1
23.8964 4
0.879398 -1.50057 0 0.998005 0.0631306 0 1
0.87937 -1.50012 0 0.997968 0.06371 0 1
1.38416 1.60538 0 0.997965 0.0637699 0 1
-0.143849 1.4872 0 -0.995901 -0.0904491 0 1
23.9964 4
0.87939 -1.50044 0 0.997988 0.0633971 0 1
0.879361 -1.49997 0 0.99795 0.0639988 0 1
1.39482 1.60275 0 0.997946 0.0640645 0 1
-0.155538 1.50308 0 -0.997934 -0.0642498 0 1
24.0964 4
0.879387 -1.50038 0 0.997981 0.0635148 0 1
0.879358 -1.49992 0 0.997943 0.0641049 0 1
1.40535 1.60339 0 0.99794 0.0641588 0 1
-0.166086 1.50281 0 -0.997976 -0.0635968 0 1
24.1964 4
0.879382 -1.5003 0 0.99797 0.0636894 0 1
0.879353 -1.49983 0 0.997933 0.0642665 0 1
1.4162 1.59982 0 0.997927 0.0643502 0 1
-0.177664 1.52118 0 -0.999415 -0.0341887 0 1
24.2964 4
0.879342 -1.49966 0 0.997886 0.0649846 0 1
0.879309 -1.49915 0 0.997845 0.0656115 0 1
1.23507 1.44609 0 0.997851 0.065529 0 1
0.624782 2.17758 0 0.243284 0.969955 0 1
24.3964 4
0.880186 -1.51228 0 0.997715 0.0675566 0 1
0.880146 -1.51169 0 0.997666 0.0682783 0 1
1.43521 1.63504 0 0.997672 0.0681983 0 1
-0.19366 1.46025 0 -0.989427 -0.145034 0 1
24.4964 4
0.880172 -1.51207 0 0.997686 0.0679831 0 1
0.880131 -1.51146 0 0.997636 0.0687171 0 1
1.44754 1.62406 0 0.997643 0.0686122 0 1
-0.210067 1.50903 0 -0.997558 -0.0698414 0 1
24.5964 4
0.88017 -1.51202 0 0.997678 0.0681055 0 1
0.880126 -1.51138 0 0.997626 0.0688672 0 1
1.45874 1.62471 0 0.997635 0.0687352 0 1
-0.221315 1.50904 0 -0.997642 -0.0686349 0 1
24.6964 4
0.880168 -1.51198 0 0.997673 0.0681832 0 1
0.880124 -1.51134 0 0.997621 0.0689339 0 1
1.47014 1.62478 0 0.99763 0.0688107 0 1
-0.232858 1.51118 0 -0.99793 -0.0643023 0 1
24.7964 4
0.880155 -1.51179 0 0.997647 0.0685644 0 1
0.880113 -1.51118 0 0.997598 0.0692642 0 1
1.48135 1.59844 0 0.997607 0.069137 0 1
-0.243283 1.61256 0 -0.996342 0.0854589 0 1
24.8964 4
0.8812 -1.52641 0 0.997477 0.0709944 0 1
0.881165 -1.52593 0 0.997437 0.0715484 0 1
1.33582 1.81761 0 0.997437 0.0715526 0 1
0.313952 0.890731 0 -0.168226 -0.985749 0 1
24.9964 4
0.881188 -1.52609 0 0.997354 0.0726995 0 1
0.881155 -1.52564 0 0.997317 0.0732068 0 1
1.50298 1.65591 0 0.997315 0.0732358 0 1
-0.26609 1.49107 0 -0.993676 -0.112287 0 1
25.0964 4
0.881175 -1.52591 0 0.997329 0.0730408 0 1
0.881145 -1.52549 0 0.997295 0.0734999 0 1
1.51571 1.64969 0 0.997294 0.0735207 0 1
-0.28059 1.51624 0 -0.997209 -0.0746616 0 1
25.1964 4
0.881173 -1.52586 0 0.997323 0.0731285 0 1
0.881143 -1.52545 0 0.997289 0.073578 0 1
1.52797 1.65044 0 0.997288 0.073602 0 1
-0.292899 1.51609 0 -0.997291 -0.0735609 0 1
25.2964 4
0.88117 -1.52583 0 0.997316 0.0732116 0 1
0.88114 -1.52541 0 0.997283 0.0736604 0 1
1.54046 1.65108 0 0.997282 0.0736767 0 1
-0.305445 1.51625 0 -0.997403 -0.0720176 0 1
25.3964 4
0.881165 -1.52575 0 0.997305 0.0733621 0 1
0.881136 -1.52535 0 0.997274 0.0737896 0 1
1.55351 1.64591 0 0.997272 0.0738157 0 1
-0.319319 1.53566 0 -0.999045 -0.0437018 0 1
25.4964 4
0.881144 -1.52545 0 0.997261 0.0739657 0 1
0.881113 -1.52503 0 0.997228 0.074409 0 1
1.54119 1.53321 0 0.997221 0.074495 0 1
-0.25107 1.90129 0 -0.887147 0.461487 0 1
25.5964 4
0.882669 -1.545 0 0.997044 0.0768283 0 1
0.882632 -1.54452 0 0.997006 0.0773266 0 1
1.53122 1.80069 0 0.997006 0.0773226 0 1
-0.200005 1.14522 0 -0.798212 -0.602376 0 1
25.6964 4
0.882633 -1.54452 0 0.99697 0.0777904 0 1
0.882594 -1.54402 0 0.996929 0.0783064 0 1
1.58996 1.68923 0 0.996929 0.0783073 0 1
-0.356439 1.50155 0 -0.993524 -0.113619 0 1
25.7964 4
0.882624 -1.5444 0 0.996951 0.0780345 0 1
0.882586 -1.54391 0 0.996912 0.0785225 0 1
1.60448 1.68266 0 0.996911 0.0785413 0 1
-0.372572 1.52464 0 -0.99673 -0.0808018 0 1
25.8964 4
0.882622 -1.54436 0 0.996944 0.0781253 0 1
0.882582 -1.54385 0 0.996904 0.0786263 0 1
1.61861 1.68333 0 0.996903 0.0786389 0 1
-0.386785 1.52506 0 -0.996897 -0.0787158 0 1
25.9964 4
0.882621 -1.54434 0 0.996939 0.078182 0 1
0.882578 -1.5438 0 0.996897 0.0787145 0 1
1.63305 1.68447 0 0.996897 0.0787208 0 1
-0.401238 1.52409 0 -0.996917 -0.0784636 0 1
26.0964 4
0.882619 -1.54432 0 0.996934 0.0782436 0 1
0.882575 -1.54376 0 0.996892 0.0787822 0 1
1.64791 1.6851 0 0.996891 0.0787983 0 1
-0.416187 1.52461 0 -0.997089 -0.0762421 0 1
26.1964 4
0.882616 -1.54426 0 0.996926 0.0783456 0 1
0.882572 -1.54371 0 0.996885 0.07887 0 1
1.66347 1.68141 0 0.996882 0.0789103 0 1
-0.432363 1.53739 0 -0.998305 -0.058195 0 1
26.2964 4
0.882605 -1.54412 0 0.996904 0.078634 0 1
0.882563 -1.54359 0 0.996864 0.0791309 0 1
1.67871 1.64326 0 0.99686 0.0791831 0 1
-0.446806 1.64533 0 -0.996704 0.0811239 0 1
26.3964 4
0.882571 -1.54368 0 0.996836 0.07948 0 1
0.882533 -1.5432 0 0.996801 0.0799191 0 1
1.49943 1.39214 0 0.996798 0.0799608 0 1
0.0679791 2.32903 0 -0.325634 0.945496 0 1
26.4964 4
0.885185 -1.57434 0 0.996602 0.0823642 0 1
0.885164 -1.57407 0 0.996583 0.082601 0 1
1.66474 1.86042 0 0.996565 0.0828125 0 1
-0.365116 1.19036 0 -0.850021 -0.526749 0 1
26.5964 4
0.885153 -1.57395 0 0.99654 0.0831193 0 1
0.885135 -1.57373 0 0.996523 0.0833149 0 1
1.72296 1.75396 0 0.996507 0.0835096 0 1
-0.491708 1.47933 0 -0.986721 -0.162422 0 1
26.6964 4
0.885145 -1.57384 0 0.996518 0.0833763 0 1
0.885121 -1.57355 0 0.996497 0.0836274 0 1
1.74361 1.7363 0 0.996478 0.083851 0 1
-0.516566 1.52896 0 -0.995103 -0.0988449 0 1
26.7964 4
0.885141 -1.57379 0 0.996509 0.083483 0 1
0.885116 -1.57349 0 0.996487 0.0837448 0 1
1.76288 1.73428 0 0.996467 0.083981 0 1
-0.536388 1.53694 0 -0.996205 -0.0870421 0 1
26.8964 4
0.88514 -1.57377 0 0.996505 0.0835355 0 1
0.885114 -1.57345 0 0.996482 0.0838032 0 1
1.78283 1.73526 0 0.996461 0.0840601 0 1
-0.556441 1.53718 0 -0.996407 -0.0846929 0 1
26.9964 4
0.885138 -1.57373 0 0.996499 0.0836033 0 1
0.885111 -1.57342 0 0.996477 0.0838687 0 1
1.80386 1.73693 0 0.996456 0.0841213 0 1
-0.577501 1.53578 0 -0.996447 -0.0842186 0 1
27.0964 4
0.885138 -1.57373 0 0.996495 0.0836519 0 1
0.885107 -1.57336 0 0.99647 0.0839532 0 1
1.82628 1.73883 0 0.99645 0.0841846 0 1
-0.599919 1.53397 0 -0.996458 -0.0840947 0 1
27.1964 4
0.885137 -1.57371 0 0.996491 0.0837028 0 1
0.885104 -1.57332 0 0.996464 0.0840181 0 1
1.85042 1.74082 0 0.996444 0.0842633 0 1
-0.624079 1.53218 0 -0.996485 -0.0837728 0 1
27.2964 4
0.885134 -1.57367 0 0.996484 0.0837778 0 1
0.885102 -1.57329 0 0.996459 0.0840758 0 1
1.87682 1.74281 0 0.996439 0.0843186 0 1
-0.650516 1.5306 0 -0.996548 -0.0830195 0 1
27.3964 4
0.885134 -1.57366 0 0.99648 0.0838258 0 1
0.885099 -1.57325 0 0.996454 0.0841421 0 1
1.90634 1.74477 0 0.996434 0.0843738 0 1
-0.680088 1.52937 0 -0.996664 -0.0816092 0 1
27.4964 4
0.885132 -1.57364 0 0.996476 0.0838801 0 1
0.885096 -1.57321 0 0.996449 0.0842034 0 1
1.94052 1.74676 0 0.996429 0.0844364 0 1
-0.714362 1.5285 0 -0.99684 -0.0794332 0 1
27.5964 4
0.88513 -1.5736 0 0.996469 0.0839557 0 1
0.885093 -1.57317 0 0.996443 0.0842714 0 1
1.98297 1.74918 0 0.996424 0.0844968 0 1
-0.756914 1.52739 0 -0.997041 -0.0768696 0 1
27.6964 4
0.885129 -1.57359 0 0.996465 0.0840086 0 1
0.885091 -1.57313 0 0.996438 0.0843245 0 1
2.04872 1.75362 0 0.996419 0.0845523 0 1
-0.822742 1.52397 0 -0.997191 -0.0748944 0 1
27.7964 4
0.885127 -1.57355 0 0.996459 0.0840814 0 1
0.885088 -1.57309 0 0.996433 0.0843887 0 1
2.1082 1.75831 0 0.996413 0.0846271 0 1
-0.882236 1.51947 0 -0.997214 -0.074599 0 1
27.8259 4
0.969651 -2.56552 0 0.996272 0.0862661 0 1.0117
0.800565 -0.581122 0 0.99629 0.0860552 0 1.0117
2.11091 1.75853 0 0.996243 0.0866006 0 1.0117
-0.884945 1.51925 0 -0.997357 -0.0726565 0 1.0117
27.9259 4
0.969919 -2.56862 0 0.996267 0.0863219 0 1.02345
0.800298 -0.578028 0 0.996283 0.0861384 0 1.02345
2.11638 1.75896 0 0.996232 0.0867243 0 1.02345
-0.890413 1.51882 0 -0.997363 -0.0725794 0 1.02345
28.0259 4
0.969972 -2.56922 0 0.996263 0.0863687 0 1.03526
0.800247 -0.577422 0 0.99628 0.0861707 0 1.03526
2.1222 1.75943 0 0.996227 0.0867869 0 1.03526
-0.896234 1.51835 0 -0.997365 -0.0725483 0 1.03526
28.1259 4
0.969991 -2.56943 0 0.996261 0.0863937 0 1.04712
0.800229 -0.577209 0 0.996276 0.0862179 0 1.04712
2.12808 1.7599 0 0.996223 0.0868331 0 1.04712
-0.902107 1.51788 0 -0.997366 -0.0725375 0 1.04712
28.2259 4
0.97 -2.56953 0 0.99626 0.0864055 0 1.05905
0.800221 -0.577111 0 0.996275 0.0862361 0 1.05905
2.13398 1.76037 0 0.99622 0.0868705 0 1.05905
-0.908011 1.51741 0 -0.997366 -0.0725395 0 1.05905
28.3259 4
0.970005 -2.56958 0 0.996258 0.0864256 0 1.07104
0.800217 -0.577057 0 0.996273 0.0862527 0 1.07104
2.13992 1.76084 0 0.996216 0.0869062 0 1.07104
-0.913944 1.51694 0 -0.997365 -0.0725428 0 1.07104
28.4259 4
0.970008 -2.56961 0 0.996256 0.0864522 0 1.08308
0.800215 -0.577025 0 0.996271 0.0862785 0 1.08308
2.14588 1.76132 0 0.996212 0.0869542 0 1.08308
-0.919906 1.51647 0 -0.997366 -0.0725362 0 1.08308
28.5259 4
0.970011 -2.56963 0 0.996255 0.086469 0 1.09518
0.800213 -0.577003 0 0.996269 0.0862984 0 1.09518
2.15187 1.7618 0 0.996209 0.0869909 0 1.09518
-0.925897 1.51599 0 -0.997366 -0.0725389 0 1.09518
28.6259 4
0.970013 -2.56965 0 0.996253 0.0864904 0 1.10735
0.800213 -0.576988 0 0.996267 0.0863233 0 1.10735
2.1579 1.76228 0 0.996205 0.087033 0 1.10735
-0.931919 1.51551 0 -0.997365 -0.0725409 0 1.10735
28.7259 4
0.970014 -2.56966 0 0.996251 0.0865076 0 1.11957
0.800212 -0.576977 0 0.996266 0.0863353 0 1.11957
2.16395 1.76276 0 0.996202 0.0870723 0 1.11957
-0.93797 1.51503 0 -0.997365 -0.0725433 0 1.11957
28.8259 4
0.970015 -2.56967 0 0.99625 0.0865205 0 1.13186
0.800212 -0.576968 0 0.996265 0.0863517 0 1.13186
2.17003 1.76325 0 0.996198 0.0871178 0 1.13186
-0.94405 1.51454 0 -0.997365 -0.0725406 0 1.13186
28.9259 4
0.970016 -2.56967 0 0.996249 0.0865311 0 1.1442
0.800212 -0.576961 0 0.996264 0.0863563 0 1.1442
2.17614 1.76374 0 0.996195 0.087154 0 1.1442
-0.950161 1.51405 0 -0.997365 -0.0725408 0 1.1442
29.0259 4
0.970017 -2.56968 0 0.996248 0.08655 0 1.15661
0.800212 -0.576956 0 0.996263 0.0863668 0 1.15661
2.18228 1.76423 0 0.996192 0.0871901 0 1.15661
-0.956303 1.51357 0 -0.997365 -0.0725427 0 1.15661
29.1259 4
0.970018 -2.56968 0 0.996246 0.0865723 0 1.16908
0.800212 -0.576952 0 0.996261 0.0863888 0 1.16908
2.18846 1.76472 0 0.996188 0.0872269 0 1.16908
-0.962475 1.51307 0 -0.997365 -0.0725445 0 1.16908
29.2259 4
0.970019 -2.56968 0 0.996244 0.0865896 0 1.18161
0.800212 -0.576948 0 0.996261 0.0863936 0 1.18161
2.19466 1.76521 0 0.996186 0.0872589 0 1.18161
-0.968679 1.51258 0 -0.997364 -0.0725548 0 1.18161
29.3259 4
0.970019 -2.56968 0 0.996244 0.0865938 0 1.19421
0.800212 -0.576946 0 0.99626 0.086406 0 1.19421
2.2009 1.76571 0 0.996182 0.0873013 0 1.19421
-0.974913 1.51208 0 -0.997364 -0.0725548 0 1.19421
29.4259 4
0.97002 -2.56969 0 0.996243 0.0866055 0 1.20686
0.800213 -0.576943 0 0.996258 0.0864266 0 1.20686
2.20716 1.76621 0 0.996179 0.0873336 0 1.20686
-0.981178 1.51158 0 -0.997365 -0.0725489 0 1.20686
29.5259 4
0.970021 -2.56969 0 0.996241 0.0866261 0 1.21958
0.800213 -0.576941 0 0.996256 0.0864467 0 1.21958
2.21346 1.76671 0 0.996176 0.0873702 0 1.21958
-0.987475 1.51108 0 -0.997364 -0.0725591 0 1.21958
29.6259 4
0.970021 -2.56969 0 0.996239 0.0866474 0 1.23237
0.800213 -0.576939 0 0.996255 0.0864639 0 1.23237
2.21979 1.76722 0 0.996173 0.0874057 0 1.23237
-0.993803 1.51058 0 -0.997363 -0.0725717 0 1.23237
29.7259 4
0.970021 -2.56969 0 0.996237 0.0866653 0 1.24522
0.800214 -0.576937 0 0.996253 0.0864814 0 1.24522
2.22615 1.76772 0 0.996169 0.0874518 0 1.24522
-1.00016 1.51007 0 -0.997363 -0.0725753 0 1.24522
29.8259 4
0.970022 -2.56969 0 0.996236 0.086677 0 1.25813
0.800214 -0.576935 0 0.996253 0.0864888 0 1.25813
2.23254 1.76823 0 0.996165 0.0874916 0 1.25813
-1.00655 1.50957 0 -0.997363 -0.0725789 0 1.25813
29.9259 4
0.970022 -2.56969 0 0.996235 0.0866935 0 1.27111
0.800215 -0.576934 0 0.996253 0.0864916 0 1.27111
2.23897 1.76874 0 0.996162 0.0875277 0 1.27111
-1.01298 1.50905 0 -0.997362 -0.0725946 0 1.27111
30.0259 4
0.970023 -2.56969 0 0.996233 0.0867199 0 1.28415
0.800215 -0.576932 0 0.996252 0.0864972 0 1.28415
2.24542 1.76926 0 0.996159 0.0875586 0 1.28415
-1.01943 1.50854 0 -0.997362 -0.0725923 0 1.28415
30.1259 4
0.970024 -2.56969 0 0.996232 0.0867292 0 1.29726
0.800215 -0.57693 0 0.996251 0.0865086 0 1.29726
2.25191 1.76977 0 0.996156 0.0875916 0 1.29726
-1.02592 1.50803 0 -0.997361 -0.0725988 0 1.29726
30.2259 4
0.970024 -2.56969 0 0.996231 0.0867378 0 1.31043
0.800215 -0.576929 0 0.996251 0.0865152 0 1.31043
2.25843 1.77029 0 0.996154 0.0876199 0 1.31043
-1.03244 1.50751 0 -0.997361 -0.0726072 0 1.31043
30.3259 4
0.970025 -2.56969 0 0.99623 0.0867506 0 1.32367
0.800216 -0.576928 0 0.99625 0.0865184 0 1.32367
2.26499 1.77082 0 0.996151 0.0876488 0 1.32367
-1.03899 1.50699 0 -0.99736 -0.0726142 0 1.32367
30.4259 4
0.970026 -2.56969 0 0.996229 0.0867581 0 1.33698
0.800216 -0.576927 0 0.99625 0.0865268 0 1.33698
2.27157 1.77134 0 0.996149 0.0876788 0 1.33698
-1.04558 1.50646 0 -0.99736 -0.0726163 0 1.33698
30.5259 4
0.970026 -2.56969 0 0.996227 0.0867829 0 1.35035
0.800216 -0.576926 0 0.996249 0.0865328 0 1.35035
2.27819 1.77187 0 0.996146 0.0877054 0 1.35035
-1.0522 1.50594 0 -0.99736 -0.0726164 0 1.35035
30.6259 4
0.970027 -2.56969 0 0.996226 0.0868029 0 1.36379
0.800217 -0.576925 0 0.996248 0.086545 0 1.36379
2.28485 1.77239 0 0.996143 0.0877427 0 1.36379
-1.05885 1.50541 0 -0.997359 -0.0726265 0 1.36379
30.7259 4
0.970027 -2.56969 0 0.996225 0.0868138 0 1.3773
0.800217 -0.576924 0 0.996247 0.0865508 0 1.3773
2.29153 1.77293 0 0.996141 0.087769 0 1.3773
-1.06553 1.50488 0 -0.997359 -0.0726332 0 1.3773
30.8259 4
0.970027 -2.56969 0 0.996224 0.0868189 0 1.39087
0.800218 -0.576923 0 0.996246 0.0865676 0 1.39087
2.29825 1.77346 0 0.996139 0.0877935 0 1.39087
-1.07225 1.50435 0 -0.997358 -0.0726374 0 1.39087
30.9259 4
0.970028 -2.56969 0 0.996223 0.0868336 0 1.40451
0.800218 -0.576922 0 0.996245 0.0865805 0 1.40451
2.30501 1.774 0 0.996135 0.0878346 0 1.40451
-1.079 1.50381 0 -0.997358 -0.0726475 0 1.40451
31.0259 4
0.970028 -2.56969 0 0.996222 0.0868463 0 1.41823
0.800218 -0.576921 0 0.996244 0.0865879 0 1.41823
2.31179 1.77454 0 0.996132 0.0878731 0 1.41823
-1.08579 1.50327 0 -0.997358 -0.0726481 0 1.41823
31.1259 4
0.970029 -2.56969 0 0.996221 0.0868564 0 1.432
0.800219 -0.57692 0 0.996243 0.0866031 0 1.432
2.31861 1.77508 0 0.996128 0.0879154 0 1.432
-1.09261 1.50273 0 -0.997357 -0.0726503 0 1.432
31.2259 4
0.970029 -2.56969 0 0.99622 0.0868659 0 1.44585
0.800219 -0.576919 0 0.996242 0.0866173 0 1.44585
2.32547 1.77562 0 0.996125 0.0879522 0 1.44585
-1.09946 1.50219 0 -0.997357 -0.0726507 0 1.44585
31.3259 4
0.97003 -2.56969 0 0.996219 0.0868721 0 1.45977
0.800219 -0.576919 0 0.996241 0.086628 0 1.45977
2.33236 1.77617 0 0.996122 0.0879869 0 1.45977
-1.10635 1.50164 0 -0.997357 -0.0726511 0 1.45977
31.4259 4
0.97003 -2.56969 0 0.996219 0.0868779 0 1.47376
0.80022 -0.576918 0 0.996239 0.0866455 0 1.47376
2.33928 1.77672 0 0.996118 0.088023 0 1.47376
-1.11327 1.5011 0 -0.997357 -0.072653 0 1.47376
31.5259 4
0.970031 -2.56969 0 0.996218 0.086885 0 1.48782
0.80022 -0.576917 0 0.996238 0.0866541 0 1.48782
2.34624 1.77727 0 0.996115 0.0880615 0 1.48782
-1.12023 1.50054 0 -0.997358 -0.0726455 0 1.48782
31.6259 4
0.970031 -2.56969 0 0.996217 0.0869006 0 1.50194
0.800221 -0.576916 0 0.996238 0.0866621 0 1.50194
2.35323 1.77782 0 0.996113 0.0880896 0 1.50194
-1.12722 1.49999 0 -0.997358 -0.0726382 0 1.50194
31.7259 4
0.970031 -2.56969 0 0.996216 0.0869087 0 1.51614
0.800221 -0.576916 0 0.996237 0.086674 0 1.51614
2.36026 1.77838 0 0.99611 0.088119 0 1.51614
-1.13425 1.49943 0 -0.997358 -0.072639 0 1.51614
31.8259 4
0.970032 -2.56969 0 0.996215 0.0869285 0 1.53041
0.800222 -0.576915 0 0.996236 0.0866818 0 1.53041
2.36732 1.77894 0 0.996107 0.0881523 0 1.53041
-1.14131 1.49888 0 -0.997358 -0.0726423 0 1.53041
31.9259 4
0.970033 -2.56969 0 0.996213 0.0869419 0 1.54475
0.800223 -0.576915 0 0.996235 0.0866913 0 1.54475
2.37442 1.7795 0 0.996104 0.088186 0 1.54475
-1.1484 1.49831 0 -0.997357 -0.0726502 0 1.54475
32.0259 4
0.970033 -2.56969 0 0.996212 0.086961 0 1.55916
0.800223 -0.576914 0 0.996234 0.0867054 0 1.55916
2.38155 1.78007 0 0.9961 0.0882291 0 1.55916
-1.15554 1.49775 0 -0.997357 -0.0726589 0 1.55916
32.1259 4
0.970034 -2.56969 0 0.996211 0.0869741 0 1.57365
0.800224 -0.576913 0 0.996233 0.0867115 0 1.57365
2.38872 1.78064 0 0.996097 0.0882623 0 1.57365
-1.1627 1.49718 0 -0.997357 -0.0726616 0 1.57365
32.2259 4
0.970034 -2.56969 0 0.99621 0.0869842 0 1.58821
0.800224 -0.576913 0 0.996233 0.0867201 0 1.58821
2.39592 1.78121 0 0.996094 0.0883013 0 1.58821
-1.16991 1.49662 0 -0.997357 -0.0726622 0 1.58821
32.3259 4
0.970035 -2.56969 0 0.996209 0.0869949 0 1.60284
0.800225 -0.576912 0 0.996232 0.0867322 0 1.60284
2.40316 1.78178 0 0.996091 0.088337 0 1.60284
-1.17715 1.49604 0 -0.997356 -0.0726675 0 1.60284
32.4259 4
0.970036 -2.56969 0 0.996207 0.0870135 0 1.61754
0.800226 -0.576911 0 0.99623 0.0867489 0 1.61754
2.41044 1.78236 0 0.996088 0.0883725 0 1.61754
-1.18442 1.49547 0 -0.997357 -0.0726635 0 1.61754
32.5259 4
0.970036 -2.56969 0 0.996205 0.0870356 0 1.63232
0.800226 -0.576911 0 0.996229 0.086758 0 1.63232
2.41775 1.78293 0 0.996084 0.0884158 0 1.63232
-1.19174 1.49489 0 -0.997357 -0.0726582 0 1.63232
32.6259 4
0.970036 -2.56969 0 0.996204 0.0870517 0 1.64717
0.800227 -0.57691 0 0.996228 0.0867737 0 1.64717
2.4251 1.78351 0 0.996081 0.0884444 0 1.64717
-1.19908 1.49431 0 -0.997356 -0.0726654 0 1.64717
32.7259 4
0.970036 -2.56969 0 0.996202 0.0870697 0 1.6621
0.800227 -0.57691 0 0.996227 0.0867865 0 1.6621
2.43249 1.7841 0 0.996078 0.0884806 0 1.6621
-1.20647 1.49373 0 -0.997357 -0.0726603 0 1.6621
32.8259 4
0.970037 -2.56969 0 0.996201 0.087085 0 1.6771
0.800228 -0.576909 0 0.996226 0.0867989 0 1.6771
2.43991 1.78468 0 0.996075 0.0885173 0 1.6771
-1.21389 1.49314 0 -0.997357 -0.0726518 0 1.6771
32.9259 4
0.970037 -2.56969 0 0.9962 0.0870933 0 1.69217
0.800229 -0.576909 0 0.996224 0.0868185 0 1.69217
2.44737 1.78527 0 0.996072 0.0885496 0 1.69217
-1.22135 1.49256 0 -0.997358 -0.0726444 0 1.69217
33.0259 4
0.970038 -2.56968 0 0.996199 0.0871061 0 1.70732
0.800229 -0.576909 0 0.996223 0.0868333 0 1.70732
2.45487 1.78587 0 0.996069 0.0885856 0 1.70732
-1.22885 1.49196 0 -0.997359 -0.072636 0 1.70732
33.1259 4
0.970038 -2.56968 0 0.996199 0.0871119 0 1.72255
0.80023 -0.576908 0 0.996222 0.0868444 0 1.72255
2.46241 1.78646 0 0.996066 0.0886126 0 1.72255
-1.23638 1.49137 0 -0.997359 -0.0726308 0 1.72255
33.2259 4
0.970039 -2.56968 0 0.996198 0.0871206 0 1.73785
0.80023 -0.576908 0 0.996221 0.0868531 0 1.73785
2.46998 1.78706 0 0.996063 0.088644 0 1.73785
-1.24395 1.49077 0 -0.997359 -0.072633 0 1.73785
33.3259 4
0.97004 -2.56968 0 0.996197 0.0871331 0 1.75323
0.80023 -0.576908 0 0.99622 0.0868642 0 1.75323
2.47759 1.78766 0 0.996061 0.0886763 0 1.75323
-1.25156 1.49018 0 -0.997359 -0.0726301 0 1.75323
33.4259 4
0.970041 -2.56968 0 0.996195 0.087156 0 1.76869
0.80023 -0.576907 0 0.996218 0.0868852 0 1.76869
2.48524 1.78826 0 0.996058 0.0887078 0 1.76869
-1.25921 1.48957 0 -0.997358 -0.0726389 0 1.76869
33.5259 4
0.970041 -2.56968 0 0.996193 0.087171 0 1.78422
0.800231 -0.576906 0 0.996218 0.0868942 0 1.78422
2.49293 1.78887 0 0.996055 0.0887343 0 1.78422
-1.2669 1.48897 0 -0.997359 -0.0726296 0 1.78422
33.6259 4
0.970042 -2.56968 0 0.996193 0.0871799 0 1.79983
0.800232 -0.576905 0 0.996215 0.0869181 0 1.79983
2.50065 1.78947 0 0.996052 0.0887702 0 1.79983
-1.27462 1.48836 0 -0.997359 -0.0726357 0 1.79983
33.7259 4
0.970042 -2.56968 0 0.996191 0.0871947 0 1.81552
0.800232 -0.576904 0 0.996214 0.086932 0 1.81552
2.50841 1.79009 0 0.996049 0.0888097 0 1.81552
-1.28238 1.48775 0 -0.997359 -0.0726346 0 1.81552
33.8259 4
0.970043 -2.56968 0 0.99619 0.0872056 0 1.83129
0.800233 -0.576903 0 0.996213 0.0869468 0 1.83129
2.51622 1.7907 0 0.996046 0.0888393 0 1.83129
-1.29019 1.48714 0 -0.997359 -0.0726308 0 1.83129
33.9259 4
0.970043 -2.56968 0 0.996189 0.0872227 0 1.84714
0.800233 -0.576903 0 0.996211 0.0869668 0 1.84714
2.52406 1.79132 0 0.996042 0.0888795 0 1.84714
-1.29803 1.48652 0 -0.997359 -0.0726311 0 1.84714
34.0259 4
0.970044 -2.56968 0 0.996188 0.0872363 0 1.86307
0.800234 -0.576902 0 0.99621 0.0869812 0 1.86307
2.53194 1.79194 0 0.996039 0.0889183 0 1.86307
-1.30591 1.4859 0 -0.997359 -0.0726344 0 1.86307
34.1259 4
0.970045 -2.56968 0 0.996186 0.08726 0 1.87907
0.800235 -0.576901 0 0.996208 0.0869984 0 1.87907
2.53986 1.79256 0 0.996036 0.0889494 0 1.87907
-1.31383 1.48528 0 -0.997359 -0.0726291 0 1.87907
34.2259 4
0.970045 -2.56968 0 0.996185 0.0872715 0 1.89516
0.800235 -0.576901 0 0.996208 0.0870041 0 1.89516
2.54782 1.79318 0 0.996034 0.0889788 0 1.89516
-1.32179 1.48466 0 -0.997359 -0.0726264 0 1.89516
34.3259 4
0.970046 -2.56968 0 0.996184 0.087283 0 1.91133
0.800235 -0.5769 0 0.996207 0.0870186 0 1.91133
2.55582 1.79381 0 0.99603 0.0890155 0 1.91133
-1.32978 1.48403 0 -0.997359 -0.0726262 0 1.91133
34.4259 4
0.970047 -2.56968 0 0.996183 0.0872886 0 1.92758
0.800236 -0.5769 0 0.996205 0.0870332 0 1.92758
2.56386 1.79444 0 0.996027 0.0890533 0 1.92758
-1.33782 1.4834 0 -0.997359 -0.0726311 0 1.92758
34.5259 4
0.970047 -2.56968 0 0.996182 0.0873059 0 1.94391
0.800237 -0.5769 0 0.996205 0.0870435 0 1.94391
2.57194 1.79508 0 0.996024 0.0890891 0 1.94391
-1.3459 1.48277 0 -0.997359 -0.0726268 0 1.94391
34.6259 4
0.970047 -2.56968 0 0.996181 0.0873166 0 1.96032
0.800237 -0.576899 0 0.996204 0.0870539 0 1.96032
2.58006 1.79571 0 0.99602 0.0891266 0 1.96032
-1.35402 1.48213 0 -0.99736 -0.07262 0 1.96032
34.7259 4
0.970047 -2.56968 0 0.996179 0.0873365 0 1.97681
0.800237 -0.576899 0 0.996202 0.0870674 0 1.97681
2.58822 1.79635 0 0.996017 0.0891604 0 1.97681
-1.36218 1.4815 0 -0.997359 -0.0726271 0 1.97681
34.8259 4
0.970048 -2.56968 0 0.996177 0.0873556 0 1.99339
0.800238 -0.576898 0 0.9962 0.0870925 0 1.99339
2.59642 1.79699 0 0.996014 0.0891976 0 1.99339
-1.37038 1.48085 0 -0.997359 -0.072628 0 1.99339
34.9259 4
0.970048 -2.56968 0 0.996177 0.0873622 0 2.01004
0.800238 -0.576897 0 0.996199 0.0871019 0 2.01004
2.60466 1.79764 0 0.99601 0.0892416 0 2.01004
-1.37862 1.48021 0 -0.997359 -0.0726276 0 2.01004
34.9594 8
1.4758 -2.53316 0 0.99603 0.0890184 0 1
0.46745 -2.49837 0 -0.987529 0.157439 0 1
1.30798 -0.534689 0 0.996062 0.0886555 0 1
0.298224 -0.508989 0 -0.990263 0.139211 0 1
3.11115 1.84278 0 0.995869 0.0907999 0 1
2.10341 1.8799 0 -0.986489 0.16383 0 1
-1.88683 1.45422 0 -0.997475 -0.0710153 0 1
-0.872318 1.45993 0 0.998211 -0.0597868 0 1
35.0594 8
1.35462 -3.26974 0 0.995509 0.0946716 0 1
0.338411 -3.44214 0 -0.971031 -0.238952 0 1
1.34554 -0.477705 0 0.995547 0.0942632 0 1
0.483505 -0.908798 0 -0.672637 -0.739973 0 1
3.31163 2.17749 0 0.995356 0.0962621 0 1
2.28685 2.04715 0 -0.987761 -0.155973 0 1
-1.98184 1.8309 0 -0.997868 -0.0652574 0 1
-1.50698 1.34948 0 -0.0789348 -0.99688 0 1
35.1594 8
1.36308 -3.26852 0 0.995206 0.0977984 0 1
0.317672 -3.37072 0 -0.995304 -0.0967945 0 1
1.35649 -0.480647 0 0.995242 0.0974338 0 1
0.311123 -0.583211 0 -0.995201 -0.0978542 0 1
3.31994 2.1794 0 0.995041 0.0994635 0 1
2.27441 2.07864 0 -0.995723 -0.0923853 0 1
-1.99938 1.82311 0 -0.998082 -0.0618997 0 1
-0.95132 1.89277 0 0.997495 0.0707345 0 1
35.2594 8
1.36568 -3.28105 0 0.995011 0.0997618 0 1
0.485507 -2.93067 0 -0.654234 0.756293 0 1
1.36491 -0.479988 0 0.995036 0.0995134 0 1
0.300347 -0.545871 0 -0.999713 -0.0239379 0 1
3.29892 2.19094 0 0.994826 0.101593 0 1
3.16708 1.78239 0 0.74779 -0.663936 0 1
-2.00793 1.82381 0 -0.998212 -0.0597797 0 1
-0.942513 1.88822 0 0.998143 0.0609088 0 1
35.3594 8
1.3823 -3.37504 0 0.994621 0.103585 0 1
0.305079 -3.49933 0 -0.992076 -0.125643 0 1
1.35036 -0.488566 0 0.994642 0.103382 0 1
0.309308 -0.750185 0 -0.925349 -0.379116 0 1
3.37238 2.27409 0 0.994428 0.105418 0 1
2.29417 2.15812 0 -0.994101 -0.108454 0 1
-2.03379 1.86631 0 -0.998448 -0.0556919 0 1
-0.95108 1.92733 0 0.998383 0.0568397 0 1
35.4594 8
1.39083 -3.37407 0 0.994515 0.104595 0 1
0.295244 -3.489 0 -0.994572 -0.104049 0 1
1.36031 -0.49298 0 0.994544 0.104314 0 1
0.264726 -0.608001 0 -0.994524 -0.104511 0 1
3.38093 2.27482 0 0.994323 0.106403 0 1
2.28426 2.17174 0 -0.996736 -0.0807362 0 1
-2.0424 1.86642 0 -0.998505 -0.0546655 0 1
-0.942448 1.92672 0 0.998496 0.0548182 0 1
35.5594 8
1.39694 -3.38698 0 0.994266 0.106934 0 1
0.328528 -3.22178 0 -0.91554 0.402227 0 1
1.35844 -0.521989 0 0.994295 0.106662 0 1
0.243037 -0.564224 0 -0.999514 0.0311666 0 1
3.3873 2.32592 0 0.99407 0.108744 0 1
2.50995 1.80707 0 -0.57421 -0.818708 0 1
-2.0511 1.86737 0 -0.998643 -0.0520741 0 1
-0.933776 1.92629 0 0.998582 0.0532424 0 1
35.6594 8
1.4064 -3.39653 0 0.993908 0.110215 0 1
0.280291 -3.54597 0 -0.988253 -0.152825 0 1
1.30882 -0.549222 0 0.993973 0.109621 0 1
1.30885 -0.549441 0 0.994016 0.109237 0 1
3.41495 2.32532 0 0.993712 0.111969 0 1
2.28592 2.19746 0 -0.993584 -0.113096 0 1
-2.07528 1.9066 0 -0.998815 -0.0486645 0 1
-0.940398 1.96226 0 0.998784 0.0493103 0 1
35.7594 8
1.41525 -3.39672 0 0.993849 0.11074 0 1
0.26861 -3.52441 0 -0.993865 -0.110604 0 1
1.3088 -0.548977 0 0.993919 0.11011 0 1
1.30882 -0.549186 0 0.99396 0.109747 0 1
3.42365 2.32619 0 0.993651 0.112503 0 1
2.27662 2.20216 0 -0.994734 -0.102494 0 1
-2.08403 1.90653 0 -0.998844 -0.0480685 0 1
-0.931638 1.96208 0 0.998836 0.0482328 0 1
35.8594 8
1.42412 -3.40114 0 0.993649 0.112526 0 1
0.256935 -3.44487 0 -0.999283 0.0378596 0 1
1.30869 -0.548058 0 0.993715 0.111936 0 1
1.30872 -0.548314 0 0.993764 0.111499 0 1
3.3515 2.34307 0 0.993457 0.114211 0 1
3.29183 2.01094 0 0.891571 -0.452881 0 1
-2.09287 1.90722 0 -0.998937 -0.0460955 0 1
-0.922821 1.96188 0 0.998884 0.0472222 0 1
35.9594 8
1.4286 -3.41969 0 0.993239 0.116085 0 1
0.27082 -3.66656 0 -0.954203 -0.299161 0 1
1.30369 -0.527338 0 0.993314 0.115446 0 1
1.30372 -0.527591 0 0.993363 0.115021 0 1
3.44755 2.34966 0 0.993051 0.117681 0 1
2.26713 2.20682 0 -0.992459 -0.122576 0 1
-2.10181 1.90915 0 -0.99911 -0.0421711 0 1
-0.913869 1.95994 0 0.999064 0.043266 0 1
36.0594 8
1.43925 -3.42683 0 0.993149 0.116857 0 1
0.240675 -3.56801 0 -0.99312 -0.117103 0 1
1.30365 -0.526999 0 0.993234 0.116128 0 1
1.30368 -0.527207 0 0.993275 0.115783 0 1
3.45639 2.35079 0 0.992961 0.118438 0 1
2.25783 2.20954 0 -0.993291 -0.115644 0 1
-2.11074 1.90929 0 -0.999143 -0.0413831 0 1
-0.90492 1.9593 0 0.999139 0.0414981 0 1
36.1594 8
1.44821 -3.42628 0 0.99304 0.11778 0 1
0.230679 -3.5591 0 -0.995077 -0.0991078 0 1
1.3036 -0.526551 0 0.993128 0.11703 0 1
1.30362 -0.526708 0 0.993159 0.116773 0 1
3.44666 2.30378 0 0.992847 0.119392 0 1
2.43281 2.6893 0 -0.662668 0.748914 0 1
-2.11973 1.90954 0 -0.999187 -0.040316 0 1
-0.895939 1.95935 0 0.999159 0.0410149 0 1
36.2594 8
1.33505 -3.46344 0 0.992633 0.121158 0 1
1.33502 -3.4632 0 0.992586 0.121547 0 1
1.29505 -0.522979 0 0.992745 0.120237 0 1
1.29507 -0.523176 0 0.992784 0.11992 0 1
3.48324 2.38239 0 0.992466 0.122523 0 1
2.25276 2.20862 0 -0.987581 -0.157111 0 1
-2.12885 1.91149 0 -0.999331 -0.0365683 0 1
-0.886821 1.95752 0 0.999297 0.0374996 0 1
36.3594 8
1.33503 -3.46325 0 0.992586 0.121543 0 1
1.335 -3.46302 0 0.992541 0.121908 0 1
1.29502 -0.522776 0 0.992697 0.120638 0 1
1.29505 -0.522986 0 0.992737 0.120306 0 1
3.49255 2.38162 0 0.992425 0.122852 0 1
2.24101 2.22668 0 -0.992424 -0.122858 0 1
-2.13796 1.91148 0 -0.999347 -0.0361363 0 1
-0.877695 1.95711 0 0.999343 0.0362344 0 1
36.4594 8
1.33502 -3.46317 0 0.992565 0.121719 0 1
1.33499 -3.46291 0 0.992514 0.122128 0 1
1.29501 -0.522671 0 0.992672 0.120842 0 1
1.29504 -0.522888 0 0.992713 0.120503 0 1
3.50174 2.38198 0 0.992399 0.12306 0 1
2.23106 2.23272 0 -0.993903 -0.11026 0 1
-2.14713 1.91129 0 -0.999355 -0.0359167 0 1
-0.868523 1.9573 0 0.999352 0.0360062 0 1
36.5594 8
1.33492 -3.46239 0 0.992371 0.123288 0 1
1.33488 -3.46209 0 0.992313 0.123757 0 1
1.29492 -0.521938 0 0.992491 0.122316 0 1
1.29494 -0.522106 0 0.992523 0.122058 0 1
3.36426 2.35876 0 0.992208 0.12459 0 1
3.35226 2.42573 0 0.973711 0.227788 0 1
-2.15641 1.91202 0 -0.999417 -0.0341484 0 1
-0.859268 1.95711 0 0.999376 0.035324 0 1
36.6594 8
1.33479 -3.46133 0 0.992106 0.125403 0 1
1.33476 -3.46107 0 0.992057 0.125793 0 1
1.28471 -0.54688 0 0.992234 0.124384 0 1
1.28472 -0.546992 0 0.992255 0.124214 0 1
3.52969 2.41462 0 0.991932 0.126773 0 1
2.22494 2.239 0 -0.990148 -0.140027 0 1
-2.16577 1.91339 0 -0.999498 -0.0316676 0 1
-0.849888 1.95536 0 0.999485 0.0320821 0 1
36.7594 8
1.33477 -3.4612 0 0.992073 0.125666 0 1
1.33474 -3.46094 0 0.992025 0.126044 0 1
1.28469 -0.546765 0 0.992204 0.124621 0 1
1.2847 -0.546846 0 0.99222 0.124499 0 1
3.53912 2.41494 0 0.991898 0.127036 0 1
2.21461 2.24533 0 -0.991903 -0.126995 0 1
-2.17516 1.9133 0 -0.999507 -0.0314009 0 1
-0.84049 1.95529 0 0.999504 0.0314934 0 1
36.8594 8
1.33476 -3.46111 0 0.992051 0.125838 0 1
1.33473 -3.46087 0 0.992007 0.126187 0 1
1.28468 -0.546704 0 0.992189 0.124746 0 1
1.28469 -0.546763 0 0.9922 0.124659 0 1
3.54862 2.41529 0 0.991882 0.127163 0 1
2.20446 2.25028 0 -0.993188 -0.116523 0 1
-2.18463 1.91312 0 -0.999512 -0.0312223 0 1
-0.831023 1.95546 0 0.99951 0.0313001 0 1
36.9594 8
1.33468 -3.46048 0 0.99189 0.127102 0 1
1.33465 -3.4602 0 0.991837 0.127513 0 1
1.28461 -0.546076 0 0.99203 0.126006 0 1
1.28461 -0.546114 0 0.992037 0.12595 0 1
3.44965 2.31427 0 0.991727 0.128363 0 1
2.88381 2.90308 0 0.167718 0.985835 0 1
-2.1942 1.91364 0 -0.999553 -0.0299017 0 1
-0.821468 1.95541 0 0.999522 0.0309263 0 1
37.0594 8
1.33452 -3.45924 0 0.991567 0.129595 0 1
1.33449 -3.45896 0 0.991514 0.129999 0 1
1.27685 -0.564892 0 0.991708 0.128513 0 1
1.27687 -0.56509 0 0.991745 0.128228 0 1
3.57435 2.44433 0 0.991416 0.130743 0 1
2.1969 2.24047 0 -0.986787 -0.16202 0 1
-2.20388 1.91537 0 -0.999634 -0.0270555 0 1
-0.811774 1.95348 0 0.999617 0.0276687 0 1
37.1594 8
1.3345 -3.45908 0 0.991527 0.129902 0 1
1.33447 -3.45884 0 0.991482 0.130247 0 1
1.27683 -0.564769 0 0.991675 0.128767 0 1
1.27685 -0.564928 0 0.991704 0.128541 0 1
3.58441 2.44277 0 0.991373 0.131071 0 1
2.18453 2.25763 0 -0.991362 -0.131156 0 1
-2.21361 1.91544 0 -0.999644 -0.0266628 0 1
-0.802043 1.95315 0 0.999642 0.0267479 0 1
37.2594 8
1.33449 -3.459 0 0.991506 0.130062 0 1
1.33446 -3.45877 0 0.991464 0.130383 0 1
1.27682 -0.564691 0 0.991655 0.128917 0 1
1.27684 -0.564862 0 0.991686 0.128678 0 1
3.59637 2.44417 0 0.991351 0.131236 0 1
2.17686 2.25792 0 -0.991651 -0.128953 0 1
-2.22563 1.91502 0 -0.999648 -0.026528 0 1
-0.794459 1.9531 0 0.999644 0.0266777 0 1
37.3594 8
1.33446 -3.45874 0 0.991441 0.130553 0 1
1.33444 -3.45858 0 0.991411 0.130783 0 1
1.27679 -0.564452 0 0.991594 0.129389 0 1
1.27681 -0.564631 0 0.991626 0.129142 0 1
3.6122 2.41789 0 0.991297 0.131646 0 1
2.17265 2.41257 0 -0.992244 0.124305 0 1
-2.24151 1.91431 0 -0.999661 -0.0260324 0 1
-0.790528 1.95241 0 0.99965 0.0264723 0 1
37.4594 8
1.33427 -3.45734 0 0.991067 0.133362 0 1
1.33425 -3.45718 0 0.991038 0.133577 0 1
1.26994 -0.580885 0 0.991224 0.132192 0 1
1.26998 -0.581182 0 0.991278 0.131789 0 1
3.61774 2.50341 0 0.990918 0.134469 0 1
2.22606 2.08472 0 -0.90062 -0.434608 0 1
-2.25156 1.91628 0 -0.999739 -0.0228476 0 1
-0.780488 1.95094 0 0.999706 0.0242625 0 1
37.5594 8
1.33422 -3.45694 0 0.990959 0.134169 0 1
1.3342 -3.45675 0 0.990924 0.134424 0 1
1.26988 -0.58043 0 0.991107 0.133067 0 1
1.26994 -0.580821 0 0.991177 0.132543 0 1
3.65315 2.47182 0 0.990806 0.135287 0 1
2.17543 2.26825 0 -0.99048 -0.137655 0 1
-2.27656 1.91532 0 -0.99976 -0.0219137 0 1
-0.785245 1.9484 0 0.999748 0.0224429 0 1
37.6594 8
1.33421 -3.45687 0 0.99094 0.134308 0 1
1.33419 -3.45668 0 0.990905 0.134563 0 1
1.26988 -0.580373 0 0.991092 0.133181 0 1
1.26993 -0.580752 0 0.991159 0.13268 0 1
3.67502 2.47443 0 0.99079 0.135406 0 1
2.17685 2.26975 0 -0.9908 -0.135331 0 1
-2.2985 1.9138 0 -0.999763 -0.0217478 0 1
-0.786771 1.94692 0 0.999757 0.0220567 0 1
37.7594 8
1.3342 -3.45681 0 0.990922 0.134439 0 1
1.33418 -3.45662 0 0.990889 0.134678 0 1
1.26987 -0.580328 0 0.991079 0.133274 0 1
1.26992 -0.580686 0 0.991142 0.132807 0 1
3.6957 2.47651 0 0.990776 0.135512 0 1
2.17657 2.27289 0 -0.99149 -0.130183 0 1
-2.31918 1.91237 0 -0.999766 -0.021625 0 1
-0.786831 1.94575 0 0.999759 0.0219323 0 1
37.8594 8
1.33417 -3.45652 0 0.990845 0.135006 0 1
1.33414 -3.45636 0 0.990816 0.135215 0 1
1.26983 -0.580034 0 0.991001 0.133852 0 1
1.26988 -0.580407 0 0.991066 0.133373 0 1
3.70906 2.42516 0 0.990703 0.136043 0 1
2.18947 2.5216 0 -0.965555 0.260199 0 1
-2.33628 1.9116 0 -0.999778 -0.021066 0 1
-0.783065 1.94472 0 0.999767 0.0215768 0 1
37.9594 8
1.33399 -3.4552 0 0.990481 0.137652 0 1
1.33396 -3.455 0 0.990444 0.137913 0 1
1.2642 -0.59307 0 0.99063 0.13657 0 1
1.26426 -0.593514 0 0.990708 0.136006 0 1
3.71683 2.53706 0 0.990332 0.138716 0 1
2.21935 2.10428 0 -0.911651 -0.410966 0 1
-2.34687 1.91372 0 -0.999839 -0.0179236 0 1
-0.772483 1.94307 0 0.999813 0.0193575 0 1
38.0594 8
1.33393 -3.45483 0 0.990375 0.138411 0 1
1.3339 -3.45461 0 0.990337 0.138679 0 1
1.26416 -0.592723 0 0.990532 0.137285 0 1
1.26421 -0.593099 0 0.990597 0.136814 0 1
3.75681 2.50252 0 0.990222 0.139498 0 1
2.17682 2.27706 0 -0.989718 -0.143033 0 1
-2.37581 1.91237 0 -0.999854 -0.0170715 0 1
-0.780062 1.94014 0 0.999843 0.0177394 0 1
38.1594 8
1.33392 -3.45475 0 0.990354 0.138563 0 1
1.33389 -3.45453 0 0.990316 0.138832 0 1
1.26415 -0.592647 0 0.990512 0.137428 0 1
1.2642 -0.593035 0 0.990578 0.136949 0 1
3.78018 2.50527 0 0.990205 0.139622 0 1
2.17843 2.27945 0 -0.990211 -0.139581 0 1
-2.39923 1.91066 0 -0.999857 -0.0169338 0 1
-0.78188 1.93837 0 0.99985 0.0173338 0 1
38.2594 8
1.33392 -3.45471 0 0.990341 0.13865 0 1
1.33389 -3.45448 0 0.990302 0.138934 0 1
1.26414 -0.592611 0 0.990502 0.137496 0 1
1.2642 -0.592997 0 0.990568 0.137026 0 1
3.80201 2.50801 0 0.990191 0.139723 0 1
2.1784 2.28072 0 -0.990494 -0.137557 0 1
-2.42114 1.9091 0 -0.999859 -0.0168078 0 1
-0.781923 1.93698 0 0.999852 0.0172028 0 1
38.3594 8
1.3339 -3.45457 0 0.990302 0.138932 0 1
1.33387 -3.45434 0 0.990263 0.139212 0 1
1.26413 -0.592489 0 0.990468 0.137745 0 1
1.26418 -0.592854 0 0.990529 0.137305 0 1
3.82455 2.49579 0 0.990153 0.139993 0 1
2.17195 2.34274 0 -0.999021 -0.0442294 0 1
-2.4424 1.90762 0 -0.999863 -0.0165226 0 1
-0.781035 1.93555 0 0.999854 0.0170943 0 1
38.4594 8
1.33379 -3.45377 0 0.990084 0.140475 0 1
1.33377 -3.45367 0 0.990068 0.140593 0 1
1.26402 -0.591714 0 0.990254 0.139272 0 1
1.26407 -0.592123 0 0.990322 0.138788 0 1
3.49578 2.46601 0 0.989936 0.141516 0 1
3.49568 2.46671 0 0.989818 0.142341 0 1
-2.45397 1.9087 0 -0.99989 -0.0148516 0 1
-0.770124 1.93456 0 0.999874 0.0158569 0 1
38.5594 8
1.33378 -3.45373 0 0.990071 0.140568 0 1
1.33377 -3.45362 0 0.990053 0.140698 0 1
1.26401 -0.591656 0 0.990239 0.139379 0 1
1.26407 -0.592079 0 0.990309 0.138883 0 1
3.49578 2.46605 0 0.989923 0.141605 0 1
3.49568 2.46677 0 0.989801 0.142454 0 1
-2.46534 1.90879 0 -0.999892 -0.0147276 0 1
-0.758737 1.934 0 0.99989 0.0148049 0 1
38.6594 8
1.33378 -3.4537 0 0.990062 0.140633 0 1
1.33376 -3.45358 0 0.990043 0.140768 0 1
1.264 -0.591618 0 0.990229 0.139452 0 1
1.26406 -0.592038 0 0.990297 0.138967 0 1
3.49577 2.4661 0 0.989909 0.141703 0 1
3.49567 2.46681 0 0.989792 0.142522 0 1
-2.47688 1.90871 0 -0.999893 -0.0146307 0 1
-0.747198 1.93407 0 0.999892 0.0146851 0 1
38.7594 8
1.33378 -3.45368 0 0.990056 0.140676 0 1
1.33376 -3.45356 0 0.990036 0.140812 0 1
1.264 -0.591582 0 0.99022 0.139517 0 1
1.26406 -0.592009 0 0.990288 0.13903 0 1
3.49577 2.46613 0 0.989898 0.141779 0 1
3.49567 2.46683 0 0.989784 0.142577 0 1
-2.48859 1.90862 0 -0.999894 -0.0145406 0 1
-0.735487 1.93416 0 0.999894 0.0145891 0 1
38.8594 8
1.33377 -3.45365 0 0.990048 0.140733 0 1
1.33376 -3.45353 0 0.990029 0.140862 0 1
1.264 -0.591557 0 0.990214 0.139558 0 1
1.26406 -0.591993 0 0.990283 0.139067 0 1
3.49577 2.46615 0 0.989891 0.141829 0 1
3.49566 2.46687 0 0.989775 0.142638 0 1
-2.50048 1.90851 0 -0.999895 -0.0144731 0 1
-0.723595 1.93427 0 0.999895 0.0145151 0 1
38.9594 8
1.33377 -3.45362 0 0.990039 0.140792 0 1
1.33375 -3.45351 0 0.990022 0.140911 0 1
1.26399 -0.591521 0 0.990205 0.139618 0 1
1.26406 -0.591974 0 0.990276 0.139116 0 1
3.49576 2.46617 0 0.989885 0.141875 0 1
3.49566 2.4669 0 0.989768 0.142687 0 1
-2.51256 1.9084 0 -0.999896 -0.0143983 0 1
-0.711512 1.93437 0 0.999896 0.0144373 0 1
39.0594 8
1.33376 -3.45358 0 0.99003 0.140858 0 1
1.33375 -3.45348 0 0.990013 0.140974 0 1
1.26399 -0.591491 0 0.990198 0.139669 0 1
1.26405 -0.591955 0 0.99027 0.139161 0 1
3.49576 2.46619 0 0.989878 0.141923 0 1
3.49565 2.46694 0 0.98976 0.142744 0 1
-2.52485 1.90828 0 -0.999897 -0.0143362 0 1
-0.699226 1.93449 0 0.999897 0.0143762 0 1
39.1594 8
1.33376 -3.45355 0 0.990021 0.140918 0 1
1.33374 -3.45344 0 0.990004 0.141041 0 1
1.26399 -0.59146 0 0.990191 0.139723 0 1
1.26405 -0.591933 0 0.990263 0.139212 0 1
3.49576 2.4662 0 0.989871 0.141967 0 1
3.49565 2.46698 0 0.989751 0.142803 0 1
-2.53735 1.90816 0 -0.999898 -0.0142699 0 1
-0.686726 1.93462 0 0.999898 0.0143151 0 1
39.2594 8
1.33376 -3.45352 0 0.990012 0.140983 0 1
1.33374 -3.45342 0 0.989997 0.141088 0 1
1.26398 -0.591413 0 0.99018 0.139796 0 1
1.26405 -0.591919 0 0.990256 0.139257 0 1
3.49576 2.46623 0 0.989863 0.142025 0 1
3.49564 2.46701 0 0.989742 0.142865 0 1
-2.55008 1.90804 0 -0.999899 -0.0142096 0 1
-0.673997 1.93475 0 0.999898 0.0142593 0 1
39.3594 8
1.33375 -3.45349 0 0.990004 0.141042 0 1
1.33374 -3.45338 0 0.989987 0.141159 0 1
1.26398 -0.591385 0 0.990174 0.139844 0 1
1.26405 -0.591899 0 0.99025 0.139303 0 1
3.49575 2.46625 0 0.989855 0.142082 0 1
3.49564 2.46705 0 0.989734 0.142922 0 1
-2.56305 1.90791 0 -0.9999 -0.0141501 0 1
-0.661025 1.93487 0 0.999899 0.0141909 0 1
39.4594 8
1.33375 -3.45346 0 0.989996 0.141097 0 1
1.33373 -3.45335 0 0.989979 0.141217 0 1
1.26397 -0.59137 0 0.990168 0.139881 0 1
1.26404 -0.591859 0 0.99024 0.139375 0 1
3.49576 2.46625 0 0.989851 0.142111 0 1
3.49563 2.46709 0 0.989726 0.14298 0 1
-2.57628 1.90778 0 -0.999901 -0.0140946 0 1
-0.647793 1.93501 0 0.9999 0.0141401 0 1
39.5594 8
1.33375 -3.45344 0 0.989988 0.141151 0 1
1.33373 -3.45331 0 0.989968 0.14129 0 1
1.26397 -0.591322 0 0.990157 0.139961 0 1
1.26404 -0.591837 0 0.990231 0.139434 0 1
3.49575 2.46628 0 0.989841 0.142178 0 1
3.49563 2.46713 0 0.989716 0.143047 0 1
-2.58979 1.90765 0 -0.999902 -0.0140323 0 1
-0.634281 1.93513 0 0.999901 0.014075 0 1
39.6594 8
1.33374 -3.45341 0 0.98998 0.141207 0 1
1.33373 -3.4533 0 0.989964 0.141319 0 1
1.26396 -0.591281 0 0.990148 0.140027 0 1
1.26404 -0.591817 0 0.990224 0.139487 0 1
3.49575 2.4663 0 0.989834 0.142228 0 1
3.49562 2.46717 0 0.989708 0.143103 0 1
-2.6036 1.90752 0 -0.999903 -0.0139622 0 1
-0.620471 1.93527 0 0.999902 0.0140182 0 1
39.7594 8
1.33374 -3.45338 0 0.989973 0.141257 0 1
1.33372 -3.45326 0 0.989956 0.141378 0 1
1.26396 -0.59125 0 0.99014 0.140082 0 1
1.26404 -0.591792 0 0.990216 0.139543 0 1
3.49575 2.46631 0 0.989827 0.14228 0 1
3.49562 2.46721 0 0.989698 0.14317 0 1
-2.61773 1.90739 0 -0.999903 -0.0138967 0 1
-0.606337 1.9354 0 0.999903 0.0139553 0 1
39.8594 8
1.33373 -3.45335 0 0.989963 0.141329 0 1
1.33372 -3.45324 0 0.989948 0.141435 0 1
1.26396 -0.591215 0 0.990132 0.140141 0 1
1.26403 -0.591766 0 0.990208 0.139602 0 1
3.49574 2.46634 0 0.989817 0.142343 0 1
3.49562 2.46723 0 0.989692 0.143214 0 1
-2.63221 1.90726 0 -0.999904 -0.013829 0 1
-0.591854 1.93554 0 0.999904 0.0138846 0 1
39.9594 8
1.33373 -3.45333 0 0.989958 0.141365 0 1
1.33372 -3.45321 0 0.989941 0.141479 0 1
1.26395 -0.591185 0 0.990125 0.14019 0 1
1.26403 -0.591749 0 0.990202 0.139644 0 1
3.49574 2.46638 0 0.989808 0.142407 0 1
3.49561 2.46725 0 0.989686 0.143251 0 1
-2.64708 1.90714 0 -0.999905 -0.0137491 0 1
-0.576989 1.93566 0 0.999905 0.0138097 0 1
40.0594 8
1.33373 -3.4533 0 0.98995 0.141417 0 1
1.33371 -3.45319 0 0.989935 0.14152 0 1
1.26395 -0.591152 0 0.990117 0.140243 0 1
1.26403 -0.591731 0 0.990195 0.139692 0 1
3.49574 2.46641 0 0.9898 0.142463 0 1
3.49561 2.46727 0 0.989681 0.143286 0 1
-2.66236 1.907 0 -0.999906 -0.013684 0 1
-0.561709 1.9358 0 0.999906 0.0137361 0 1
40.1594 8
1.33372 -3.45326 0 0.98994 0.141491 0 1
1.33371 -3.45317 0 0.989927 0.141581 0 1
1.26394 -0.591122 0 0.99011 0.140294 0 1
1.26403 -0.591708 0 0.990188 0.139744 0 1
3.49573 2.46644 0 0.98979 0.142531 0 1
3.49561 2.46729 0 0.989676 0.143323 0 1
-2.67809 1.90686 0 -0.999907 -0.0136066 0 1
-0.545971 1.93594 0 0.999907 0.0136743 0 1
40.2594 8
1.33372 -3.45324 0 0.989932 0.141543 0 1
1.33371 -3.45313 0 0.989917 0.141649 0 1
1.26394 -0.591078 0 0.990101 0.140358 0 1
1.26403 -0.591699 0 0.990182 0.139785 0 1
3.49573 2.46649 0 0.989779 0.14261 0 1
3.49561 2.46731 0 0.98967 0.143368 0 1
-2.69434 1.90671 0 -0.999908 -0.0135373 0 1
-0.529727 1.9361 0 0.999907 0.0136126 0 1
40.3594 8
1.33372 -3.4532 0 0.989921 0.14162 0 1
1.3337 -3.45309 0 0.989907 0.141721 0 1
1.26393 -0.591037 0 0.990091 0.140425 0 1
1.26402 -0.591677 0 0.990174 0.139842 0 1
3.49572 2.4665 0 0.989772 0.142661 0 1
3.4956 2.46735 0 0.989661 0.143428 0 1
-2.71114 1.90654 0 -0.999909 -0.0134943 0 1
-0.512918 1.93626 0 0.999908 0.0135469 0 1
40.4594 8
1.33371 -3.45318 0 0.989914 0.141672 0 1
1.3337 -3.45305 0 0.989898 0.141782 0 1
1.26393 -0.591001 0 0.990083 0.140482 0 1
1.26402 -0.591657 0 0.990166 0.139895 0 1
3.49572 2.46652 0 0.989764 0.142711 0 1
3.4956 2.46739 0 0.989652 0.143488 0 1
-2.72859 1.90636 0 -0.99991 -0.0134347 0 1
-0.495476 1.93645 0 0.999909 0.0135053 0 1
40.5594 8
1.33371 -3.45315 0 0.989906 0.141724 0 1
1.33369 -3.45302 0 0.989889 0.141843 0 1
1.26393 -0.590975 0 0.990077 0.140528 0 1
1.26402 -0.591629 0 0.990158 0.139952 0 1
3.49572 2.46654 0 0.989757 0.142764 0 1
3.49559 2.46742 0 0.989645 0.143535 0 1
-2.74675 1.90618 0 -0.999911 -0.013375 0 1
-0.477313 1.93663 0 0.99991 0.0134524 0 1
40.6594 8
1.33371 -3.45313 0 0.989899 0.141772 0 1
1.33369 -3.45299 0 0.989882 0.141896 0 1
1.26392 -0.590943 0 0.99007 0.140578 0 1
1.26402 -0.591613 0 0.990152 0.139997 0 1
3.49572 2.46656 0 0.989749 0.142816 0 1
3.49559 2.46746 0 0.989636 0.143598 0 1
-2.76574 1.90601 0 -0.999912 -0.0133038 0 1
-0.458322 1.9368 0 0.99991 0.0133848 0 1
40.7594 8
1.33371 -3.45312 0 0.989892 0.14182 0 1
1.33368 -3.45295 0 0.989872 0.141961 0 1
1.26392 -0.590903 0 0.99006 0.140646 0 1
1.26401 -0.591585 0 0.990142 0.140065 0 1
3.49572 2.46658 0 0.989741 0.142871 0 1
3.49558 2.46749 0 0.989628 0.143651 0 1
-2.78569 1.90581 0 -0.999912 -0.0132395 0 1
-0.438367 1.93701 0 0.999911 0.0133425 0 1
40.8594 8
1.33371 -3.4531 0 0.989886 0.141862 0 1
1.33368 -3.45291 0 0.989863 0.142026 0 1
1.26391 -0.59087 0 0.990052 0.140701 0 1
1.26401 -0.591559 0 0.990134 0.140125 0 1
3.49571 2.46659 0 0.989735 0.142917 0 1
3.49558 2.46754 0 0.989619 0.143713 0 1
-2.80679 1.90562 0 -0.999913 -0.0131729 0 1
-0.417267 1.93721 0 0.999912 0.0132688 0 1
40.9594 8
1.3337 -3.45308 0 0.989878 0.14192 0 1
1.33367 -3.45288 0 0.989855 0.142084 0 1
1.26391 -0.590851 0 0.990047 0.14074 0 1
1.26401 -0.591526 0 0.990125 0.140186 0 1
3.49571 2.46662 0 0.989725 0.142982 0 1
3.49557 2.46757 0 0.989612 0.143762 0 1
-2.82928 1.9054 0 -0.999914 -0.0131076 0 1
-0.39478 1.93743 0 0.999913 0.013207 0 1
41.0594 8
1.3337 -3.45304 0 0.98987 0.141978 0 1
1.33367 -3.45286 0 0.989849 0.142122 0 1
1.26391 -0.590815 0 0.990039 0.140796 0 1
1.264 -0.591508 0 0.990118 0.140238 0 1
3.49571 2.46665 0 0.989717 0.143042 0 1
3.49557 2.46759 0 0.989606 0.143804 0 1
-2.85349 1.90515 0 -0.999915 -0.0130475 0 1
-0.370561 1.93769 0 0.999913 0.0131645 0 1
41.1594 8
1.33369 -3.45301 0 0.989862 0.142035 0 1
1.33367 -3.45284 0 0.989842 0.142175 0 1
1.2639 -0.59079 0 0.990033 0.140835 0 1
1.264 -0.591489 0 0.990111 0.140284 0 1
3.49571 2.46666 0 0.989709 0.143098 0 1
3.49557 2.46763 0 0.989598 0.143862 0 1
-2.87996 1.90487 0 -0.999916 -0.0129857 0 1
-0.344092 1.93798 0 0.999914 0.0131201 0 1
41.2594 8
1.33369 -3.45298 0 0.989851 0.142107 0 1
1.33366 -3.4528 0 0.989832 0.142245 0 1
1.2639 -0.590768 0 0.990028 0.140874 0 1
1.264 -0.591463 0 0.990104 0.140338 0 1
3.4957 2.46668 0 0.9897 0.143155 0 1
3.49556 2.46768 0 0.989589 0.143926 0 1
-2.90953 1.90457 0 -0.999917 -0.0129149 0 1
-0.314529 1.9383 0 0.999914 0.0130794 0 1
41.3594 8
1.33369 -3.45295 0 0.989844 0.142161 0 1
1.33366 -3.45277 0 0.989824 0.142295 0 1
1.2639 -0.590731 0 0.99002 0.140928 0 1
1.264 -0.591445 0 0.990096 0.140392 0 1
3.4957 2.46671 0 0.989691 0.143219 0 1
3.49556 2.4677 0 0.989583 0.143965 0 1
-2.94374 1.90421 0 -0.999918 -0.0128356 0 1
-0.280313 1.93867 0 0.999915 0.0130329 0 1
41.4594 8
1.33368 -3.45293 0 0.989835 0.142221 0 1
1.33366 -3.45273 0 0.989815 0.142361 0 1
1.26389 -0.590701 0 0.990013 0.140978 0 1
1.26399 -0.591417 0 0.990087 0.140457 0 1
3.4957 2.46672 0 0.989683 0.143274 0 1
3.49555 2.46775 0 0.989574 0.144029 0 1
-2.98622 1.90374 0 -0.999919 -0.0127655 0 1
-0.237837 1.93916 0 0.999915 0.0130007 0 1
41.5594 8
1.33368 -3.45289 0 0.989825 0.14229 0 1
1.33365 -3.4527 0 0.989806 0.142422 0 1
1.26389 -0.590656 0 0.990005 0.141035 0 1
1.26399 -0.591403 0 0.990078 0.140516 0 1
3.4957 2.46672 0 0.989676 0.143325 0 1
3.49554 2.46781 0 0.989566 0.144082 0 1
-3.05198 1.90297 0 -0.999919 -0.0126916 0 1
-0.172076 1.93998 0 0.999915 0.0130096 0 1
41.6594 8
1.33368 -3.45287 0 0.989816 0.142352 0 1
1.33365 -3.45266 0 0.989797 0.142488 0 1
1.26388 -0.59061 0 0.989996 0.141095 0 1
1.26399 -0.591387 0 0.99007 0.140578 0 1
3.4957 2.46671 0 0.989668 0.14338 0 1
3.49553 2.46787 0 0.989555 0.144153 0 1
-3.1119 1.90221 0 -0.99992 -0.0126318 0 1
-0.11215 1.9408 0 0.999914 0.0130934 0 1
